ID_Cliente,Fidelidade_Meses,Tipo_Contrato,Servico_Internet,Fatura_Mensal,Churn
1,52,Anual,Fibra Óptica,36.572358969320554,0
2,15,Dois anos,Fibra Óptica,45.28713739793492,0
3,72,Mensal,Fibra Óptica,101.00331878524248,1
4,61,Mensal,Fibra Óptica,103.33143859215521,1
5,21,Mensal,DSL,94.09692062395789,1
6,24,Mensal,Fibra Óptica,90.83863054138087,1
7,3,Anual,DSL,40.696195515426915,0
8,22,Mensal,Fibra Óptica,94.23319140349386,1
9,53,Mensal,Fibra Óptica,99.88183085938884,1
10,2,Mensal,Fibra Óptica,92.03486278328204,1
11,30,Mensal,Fibra Óptica,100.07436666877186,1
12,38,Anual,DSL,38.64392810997618,0
13,2,Mensal,Fibra Óptica,95.23509798124721,1
14,64,Mensal,Fibra Óptica,110.51977384344752,1
15,60,Mensal,Fibra Óptica,95.3398944007749,1
16,21,Mensal,Fibra Óptica,96.06200114021993,1
17,33,Anual,Não,40.914198265861785,0
18,58,Dois anos,Fibra Óptica,52.037568981856055,0
19,22,Dois anos,DSL,35.258120015621095,0
20,49,Anual,DSL,53.783500455866296,0
21,59,Mensal,Não,94.23103221243542,0
22,42,Anual,DSL,43.017404628765746,0
23,60,Mensal,DSL,104.64198662455757,0
24,15,Mensal,DSL,90.03882200990665,1
25,62,Anual,DSL,44.02180158536323,0
26,62,Mensal,Fibra Óptica,103.9816844277334,1
27,47,Dois anos,Fibra Óptica,46.73021567821075,0
28,62,Mensal,Fibra Óptica,102.90019709165652,0
29,51,Anual,DSL,50.33225188497655,0
30,55,Anual,DSL,44.866445860508314,0
31,64,Dois anos,Fibra Óptica,51.339379327230375,0
32,3,Anual,DSL,33.905795286269345,0
33,51,Anual,Fibra Óptica,41.792161898501384,0
34,7,Mensal,Fibra Óptica,90.44671310213069,1
35,21,Mensal,Não,92.17668030861262,1
36,39,Mensal,Fibra Óptica,96.02648723876686,0
37,18,Anual,Fibra Óptica,45.26544641665923,0
38,4,Mensal,DSL,89.999988974403,1
39,60,Anual,DSL,44.52427596624909,0
40,14,Mensal,Fibra Óptica,93.41090011482072,1
41,9,Mensal,DSL,92.7916459402228,1
42,53,Anual,Fibra Óptica,40.504403179678064,0
43,2,Mensal,Fibra Óptica,89.37847488496156,1
44,60,Mensal,Fibra Óptica,100.77708462408779,0
45,71,Mensal,DSL,103.8097848760384,0
46,44,Dois anos,Fibra Óptica,49.369057943445284,0
47,8,Anual,Não,38.12216868346283,0
48,47,Mensal,DSL,106.01019298150743,1
49,35,Mensal,Não,97.4122044651367,1
50,36,Mensal,Fibra Óptica,106.5509426464811,1
51,50,Anual,Não,43.534934258990155,0
52,4,Anual,Fibra Óptica,32.790997421822794,0
53,2,Mensal,Fibra Óptica,93.60701961846566,1
54,6,Mensal,Fibra Óptica,98.49091593190586,1
55,54,Mensal,Fibra Óptica,94.37648972165464,1
56,4,Anual,DSL,35.653856086576845,0
57,54,Anual,Fibra Óptica,43.58489960221906,0
58,63,Mensal,Fibra Óptica,103.78476130954117,1
59,18,Mensal,DSL,94.12059586207779,1
60,44,Mensal,Fibra Óptica,105.99741248271938,1
61,34,Dois anos,DSL,43.19939211388144,0
62,62,Mensal,Fibra Óptica,109.74442673943193,1
63,14,Anual,DSL,37.063307647554986,0
64,48,Anual,DSL,50.0712187031745,0
65,15,Mensal,Fibra Óptica,94.61382138526437,1
66,72,Mensal,Fibra Óptica,113.519933237998,1
67,62,Mensal,Fibra Óptica,95.48543193050864,1
68,40,Anual,DSL,38.019520738849295,0
69,53,Anual,Fibra Óptica,55.596920750940356,0
70,24,Anual,Fibra Óptica,36.97248386021665,0
71,26,Mensal,Fibra Óptica,92.32148945420147,1
72,60,Mensal,Fibra Óptica,98.0918883170815,1
73,41,Dois anos,Fibra Óptica,50.88364586092397,0
74,29,Anual,DSL,35.371521261522794,0
75,15,Mensal,Fibra Óptica,93.58275830596908,1
76,45,Dois anos,Fibra Óptica,44.613306969352664,0
77,65,Anual,DSL,54.021387245170594,0
78,71,Mensal,DSL,101.85209293292256,1
79,9,Anual,Fibra Óptica,39.715172223214786,0
80,1,Anual,Fibra Óptica,30.182728460762075,0
81,8,Anual,Fibra Óptica,48.808514521034425,0
82,63,Mensal,Não,101.87254462131223,1
83,11,Mensal,Fibra Óptica,92.71432366900761,1
84,8,Dois anos,Não,46.81518787250806,0
85,35,Mensal,DSL,94.53714237305473,1
86,35,Mensal,Fibra Óptica,105.80741795927386,1
87,33,Mensal,Fibra Óptica,95.01315037389097,1
88,5,Mensal,Fibra Óptica,94.82899716368708,1
89,41,Anual,Fibra Óptica,41.17540112685193,0
90,28,Dois anos,Fibra Óptica,35.76123385253168,0
91,7,Mensal,DSL,93.94347799728386,0
92,72,Mensal,Não,108.07002324949845,0
93,12,Mensal,DSL,86.29107753294959,0
94,34,Dois anos,DSL,42.2061244837118,0
95,33,Anual,Fibra Óptica,48.44260413533296,0
96,48,Mensal,Fibra Óptica,103.07110099856382,1
97,23,Anual,Fibra Óptica,38.46273431872817,0
98,62,Dois anos,DSL,46.35378757008307,0
99,37,Anual,Não,52.9800309533223,0
100,44,Dois anos,DSL,38.506755729241064,0
101,35,Mensal,Fibra Óptica,97.17451337253776,1
102,65,Anual,Fibra Óptica,41.5153249591787,0
103,47,Mensal,DSL,106.44457946880219,0
104,3,Anual,Fibra Óptica,36.40319126660674,0
105,1,Anual,DSL,36.9296797514956,0
106,5,Anual,DSL,50.68327087578646,0
107,14,Anual,DSL,35.67144594896645,0
108,27,Mensal,Fibra Óptica,104.61338581487345,1
109,9,Mensal,Fibra Óptica,90.31684667253982,1
110,15,Dois anos,Fibra Óptica,38.77385379033086,0
111,42,Dois anos,Fibra Óptica,58.532292361358344,0
112,51,Mensal,Fibra Óptica,99.86505435827242,1
113,63,Mensal,DSL,96.19864922310452,0
114,52,Mensal,DSL,102.28010018521235,1
115,4,Anual,Fibra Óptica,35.775125201813395,0
116,23,Anual,Fibra Óptica,42.27428853631773,0
117,15,Mensal,Fibra Óptica,92.80251727794193,1
118,43,Mensal,Fibra Óptica,110.14822932560459,1
119,29,Anual,DSL,44.42248852182809,0
120,36,Anual,Fibra Óptica,37.66398618901933,0
121,13,Mensal,Fibra Óptica,93.69324025470004,1
122,32,Mensal,Fibra Óptica,92.87235712374559,1
123,71,Mensal,DSL,103.431937032066,0
124,59,Mensal,DSL,97.71830269174666,0
125,28,Mensal,Fibra Óptica,106.60609886061089,1
126,66,Anual,Fibra Óptica,45.58188625175731,0
127,42,Dois anos,DSL,48.77923783822603,0
128,45,Anual,Não,43.221412218265286,0
129,62,Anual,Fibra Óptica,42.44674346478447,0
130,57,Mensal,DSL,102.85875275907831,0
131,6,Mensal,Não,93.67396543000932,1
132,28,Mensal,Não,98.86363890835334,1
133,28,Mensal,DSL,82.95941047187605,1
134,44,Anual,DSL,38.46458075930296,0
135,30,Dois anos,Fibra Óptica,47.72918967336477,0
136,62,Mensal,DSL,98.25247143153682,0
137,62,Mensal,Fibra Óptica,103.88522649613134,1
138,1,Anual,DSL,29.748685851504497,0
139,27,Mensal,Fibra Óptica,99.52851175537299,1
140,62,Mensal,DSL,107.52685422455865,1
141,3,Anual,DSL,40.09835885851025,0
142,70,Anual,Fibra Óptica,55.001593389416406,0
143,72,Mensal,DSL,112.69000696907844,0
144,27,Mensal,Fibra Óptica,90.0001355865359,1
145,9,Anual,DSL,33.6954496718916,0
146,62,Mensal,Fibra Óptica,107.35822409609976,0
147,37,Mensal,Fibra Óptica,103.52160510376818,1
148,51,Anual,Não,42.667094559788794,0
149,44,Mensal,Fibra Óptica,95.55107591795286,1
150,24,Anual,DSL,37.37774187799589,0
151,59,Mensal,Fibra Óptica,94.24503142436104,1
152,32,Dois anos,Fibra Óptica,36.98436016738497,0
153,52,Mensal,Fibra Óptica,94.63404301943001,0
154,62,Mensal,DSL,101.40001387555262,0
155,58,Mensal,Fibra Óptica,103.42468882375054,1
156,52,Mensal,Fibra Óptica,103.03787040279265,0
157,12,Dois anos,Fibra Óptica,36.79860481187694,0
158,39,Dois anos,Fibra Óptica,42.32148049685096,0
159,2,Mensal,Não,91.48881372033709,1
160,3,Mensal,Não,83.59043345883363,1
161,56,Anual,Fibra Óptica,51.836011988063866,0
162,59,Dois anos,DSL,55.16834247332671,0
163,2,Mensal,Fibra Óptica,87.74260305614058,1
164,2,Mensal,DSL,88.87832544783689,1
165,54,Mensal,DSL,107.48706736880662,1
166,1,Anual,Não,35.423551372698924,0
167,19,Mensal,Fibra Óptica,97.21173347433893,1
168,2,Anual,DSL,35.77728235864455,0
169,53,Mensal,Fibra Óptica,108.85204318698214,1
170,44,Anual,Não,47.0892074689059,0
171,32,Mensal,Fibra Óptica,99.60878510417675,0
172,70,Mensal,DSL,107.30203893824871,0
173,32,Mensal,DSL,94.09493756294222,1
174,68,Anual,DSL,47.12261364303575,0
175,55,Mensal,Fibra Óptica,105.31673444238065,0
176,56,Mensal,Não,102.30257039174887,0
177,17,Mensal,Fibra Óptica,87.98245120552191,1
178,38,Mensal,DSL,107.43602836770467,1
179,24,Anual,Fibra Óptica,45.52916866413392,0
180,69,Anual,Fibra Óptica,49.82694094687351,0
181,70,Anual,Fibra Óptica,48.47130441864859,0
182,11,Mensal,Fibra Óptica,93.66388553223119,1
183,16,Anual,Fibra Óptica,41.62640982343556,0
184,59,Mensal,Fibra Óptica,92.10550256623054,1
185,70,Mensal,Fibra Óptica,115.03225479200954,0
186,3,Mensal,DSL,87.12108469874617,1
187,20,Mensal,DSL,94.46097807963699,0
188,59,Anual,Fibra Óptica,47.813143741544145,1
189,36,Anual,Fibra Óptica,53.02306042109268,0
190,19,Anual,Fibra Óptica,39.198190122614946,0
191,67,Mensal,Fibra Óptica,111.81304271634893,1
192,19,Mensal,DSL,96.30414359188634,1
193,20,Mensal,DSL,89.66108193355103,1
194,71,Mensal,Fibra Óptica,105.3440435850948,1
195,52,Mensal,Fibra Óptica,100.27796263600622,0
196,33,Mensal,Fibra Óptica,91.65015382005963,1
197,40,Mensal,DSL,100.25912009194198,0
198,39,Mensal,Não,98.38101999383005,1
199,1,Anual,Fibra Óptica,38.82091785494112,0
200,11,Dois anos,Fibra Óptica,40.10817997624693,0
201,57,Dois anos,DSL,45.085901593185,0
202,50,Anual,Não,49.68047928909999,0
203,23,Mensal,Fibra Óptica,91.94851484331288,1
204,31,Anual,Fibra Óptica,26.54045671373207,0
205,42,Anual,Fibra Óptica,44.8820740674195,0
206,7,Mensal,DSL,89.10013760841083,1
207,16,Mensal,Fibra Óptica,95.58115876656396,1
208,60,Anual,Fibra Óptica,57.83316800734699,0
209,2,Mensal,DSL,101.00920471032107,1
210,1,Mensal,Fibra Óptica,89.84489163347158,1
211,48,Mensal,DSL,95.9379303883505,0
212,12,Mensal,Fibra Óptica,95.79392265417039,1
213,69,Mensal,Fibra Óptica,102.419378285249,1
214,37,Mensal,DSL,99.82938885631549,1
215,32,Mensal,Fibra Óptica,93.5662024334465,1
216,9,Mensal,Não,93.52396832469454,1
217,19,Anual,Fibra Óptica,35.57893856618104,0
218,48,Mensal,Fibra Óptica,105.9917733247381,1
219,3,Mensal,DSL,88.1206177908177,1
220,20,Mensal,Fibra Óptica,97.77601892325562,1
221,24,Dois anos,Não,35.41757966232776,0
222,54,Mensal,Fibra Óptica,105.17637552763424,0
223,33,Mensal,Fibra Óptica,92.23858589823976,1
224,24,Dois anos,Fibra Óptica,43.0473001131279,0
225,72,Anual,Fibra Óptica,55.354814194388354,0
226,36,Mensal,DSL,96.67059175179688,1
227,38,Anual,DSL,38.29297477391876,0
228,25,Mensal,Fibra Óptica,97.95456878026039,1
229,18,Mensal,Fibra Óptica,89.86559924964803,1
230,66,Mensal,DSL,101.64927824859464,0
231,54,Mensal,Não,102.59781954205941,0
232,35,Anual,Fibra Óptica,49.642189508186945,0
233,61,Mensal,Fibra Óptica,102.80327301357812,1
234,41,Mensal,Fibra Óptica,98.7847937938064,1
235,33,Anual,DSL,46.126373795762674,0
236,68,Anual,Fibra Óptica,49.6906688110134,0
237,33,Mensal,Fibra Óptica,100.24815724374525,1
238,14,Anual,DSL,44.03147705796315,0
239,21,Mensal,Fibra Óptica,93.03182049324079,1
240,48,Anual,Fibra Óptica,29.063756158081144,0
241,20,Anual,Fibra Óptica,35.74917385972109,0
242,8,Dois anos,Fibra Óptica,44.584826132431864,0
243,7,Mensal,Fibra Óptica,91.70168233759252,1
244,67,Mensal,Fibra Óptica,102.17485488994129,1
245,17,Mensal,Fibra Óptica,99.70443121059682,1
246,33,Mensal,DSL,96.56388166343129,1
247,48,Mensal,DSL,89.60784021583498,0
248,59,Dois anos,DSL,41.21490577321364,0
249,22,Mensal,Fibra Óptica,96.96374634866531,1
250,30,Mensal,Fibra Óptica,96.13605153660714,1
251,38,Anual,Fibra Óptica,50.71209172179453,0
252,51,Mensal,Fibra Óptica,97.00416282555989,1
253,54,Anual,Fibra Óptica,45.09130551762944,0
254,8,Mensal,DSL,87.64799087928067,1
255,27,Mensal,Fibra Óptica,93.26753535617851,1
256,27,Mensal,Fibra Óptica,86.41098673831266,1
257,21,Mensal,Fibra Óptica,92.74208292432812,1
258,30,Dois anos,DSL,42.682071759405844,0
259,28,Mensal,Fibra Óptica,95.38885203225234,1
260,64,Mensal,DSL,114.01827256324482,1
261,69,Mensal,Fibra Óptica,113.43792913046568,1
262,61,Mensal,DSL,98.91600888977536,0
263,48,Dois anos,DSL,36.32173260499238,0
264,19,Mensal,Fibra Óptica,93.774504479923,1
265,4,Anual,Fibra Óptica,38.52136001850152,0
266,35,Dois anos,Fibra Óptica,39.638995711341174,0
267,64,Mensal,Fibra Óptica,99.21562807495216,1
268,49,Dois anos,DSL,54.65419092481802,0
269,17,Mensal,DSL,92.58274838885426,1
270,44,Mensal,DSL,102.58175717305947,1
271,30,Mensal,DSL,91.81897775530855,1
272,46,Anual,Fibra Óptica,44.75410703402446,0
273,6,Dois anos,Fibra Óptica,36.45972431008279,0
274,37,Mensal,DSL,94.49364005056434,0
275,24,Anual,Fibra Óptica,46.41531138525688,0
276,46,Mensal,DSL,92.7261211964157,1
277,53,Mensal,Fibra Óptica,102.57079037213722,1
278,60,Mensal,Fibra Óptica,100.69489796712828,0
279,63,Dois anos,Não,51.61553848843472,0
280,32,Anual,Fibra Óptica,40.53092616655663,0
281,33,Mensal,Não,101.40647155417547,1
282,67,Mensal,Não,99.17199325332003,1
283,18,Mensal,DSL,99.85827220295732,1
284,25,Mensal,DSL,95.32649277120866,1
285,54,Mensal,DSL,94.62799359950516,0
286,58,Dois anos,DSL,51.94249335776947,0
287,67,Mensal,Fibra Óptica,102.87625752699253,1
288,46,Mensal,Fibra Óptica,91.13131661388306,1
289,24,Mensal,DSL,96.93284666337513,1
290,32,Dois anos,Fibra Óptica,48.37439465464385,0
291,47,Anual,Fibra Óptica,51.649488029449074,0
292,23,Mensal,Fibra Óptica,93.17874683158193,1
293,66,Anual,DSL,49.765399604277114,0
294,27,Mensal,DSL,96.12318795854534,0
295,2,Mensal,Fibra Óptica,98.31951940243755,1
296,17,Mensal,Não,89.8180633327142,1
297,33,Mensal,DSL,94.74720898355807,1
298,9,Mensal,DSL,88.09690469733174,1
299,43,Dois anos,DSL,38.29566346269092,0
300,48,Anual,DSL,46.67774523290883,0
301,39,Anual,Fibra Óptica,51.645300986536355,0
302,42,Mensal,DSL,97.87808395200548,1
303,26,Mensal,Fibra Óptica,91.2610231368651,1
304,50,Anual,DSL,46.77310783880876,0
305,25,Mensal,Não,98.41609713844406,1
306,24,Mensal,Fibra Óptica,94.48869055739792,1
307,13,Mensal,Fibra Óptica,100.08818290435165,1
308,60,Anual,DSL,43.77699985621081,0
309,7,Mensal,Fibra Óptica,90.43565806201897,1
310,57,Mensal,DSL,103.3504457687956,1
311,36,Anual,Fibra Óptica,45.00362809073756,0
312,45,Mensal,Fibra Óptica,99.70664670607158,0
313,20,Mensal,Não,88.07840663279504,1
314,65,Mensal,DSL,115.16056326561242,1
315,8,Mensal,DSL,90.89065666935026,1
316,16,Anual,Fibra Óptica,39.590146920571705,0
317,14,Mensal,DSL,96.35431171044567,1
318,15,Mensal,DSL,90.28797943133313,1
319,66,Dois anos,DSL,50.426048182609236,0
320,32,Dois anos,DSL,39.955464889988875,0
321,63,Dois anos,DSL,51.619169785626504,0
322,51,Mensal,Fibra Óptica,99.29039300180293,1
323,25,Mensal,Fibra Óptica,96.81409888110412,1
324,58,Dois anos,DSL,43.308729345827345,0
325,63,Anual,Fibra Óptica,44.29422715761739,0
326,62,Mensal,DSL,96.04480286029677,0
327,22,Mensal,Fibra Óptica,91.31785584794974,1
328,58,Mensal,DSL,89.20288502609007,1
329,58,Dois anos,DSL,47.00591504981622,0
330,49,Mensal,Fibra Óptica,97.59930488476614,1
331,52,Mensal,Fibra Óptica,101.62506106270612,1
332,42,Mensal,Fibra Óptica,99.09354486675223,1
333,70,Anual,DSL,56.12420817005377,0
334,15,Anual,DSL,51.81036025151897,0
335,54,Mensal,Fibra Óptica,106.95820131033395,1
336,60,Anual,DSL,45.57327138077298,0
337,8,Dois anos,Fibra Óptica,36.0744623297059,0
338,53,Mensal,Fibra Óptica,105.41382145635934,1
339,60,Mensal,Não,94.05378277171661,0
340,5,Mensal,Fibra Óptica,89.89449161376338,1
341,68,Anual,Fibra Óptica,48.24804465242913,0
342,6,Mensal,Fibra Óptica,94.59116366867484,1
343,47,Anual,Fibra Óptica,48.30814105835232,0
344,55,Anual,Fibra Óptica,43.116006625683276,0
345,40,Mensal,Fibra Óptica,96.39864293605486,1
346,52,Dois anos,DSL,49.56693735241888,0
347,16,Mensal,Fibra Óptica,89.67590296498696,1
348,13,Mensal,Fibra Óptica,99.10109841845218,1
349,30,Anual,Fibra Óptica,44.88468549484963,0
350,19,Anual,Fibra Óptica,40.496357068622636,0
351,17,Mensal,DSL,95.82520923598538,1
352,63,Dois anos,Não,47.20696299355135,0
353,19,Dois anos,Fibra Óptica,37.609958967317255,0
354,58,Mensal,DSL,99.94689516388716,1
355,55,Dois anos,DSL,50.4412495395546,0
356,62,Mensal,DSL,103.87558114812404,0
357,23,Mensal,Fibra Óptica,92.95693394611722,1
358,9,Mensal,Fibra Óptica,96.01841496111905,1
359,12,Dois anos,Fibra Óptica,38.47168396657458,0
360,1,Anual,DSL,32.57225559970258,0
361,58,Mensal,Fibra Óptica,103.34221379107338,1
362,1,Mensal,Não,85.60535868646659,0
363,34,Anual,Fibra Óptica,34.20269057796991,0
364,48,Mensal,Fibra Óptica,100.04498336675445,1
365,1,Dois anos,DSL,33.85434710970094,0
366,16,Anual,Fibra Óptica,37.76803756429918,0
367,61,Mensal,Fibra Óptica,97.83684165385853,1
368,64,Dois anos,DSL,55.786076776768205,0
369,63,Mensal,Não,99.76304252494008,1
370,69,Dois anos,DSL,48.58141918740131,0
371,22,Anual,DSL,42.12822566556459,0
372,67,Anual,DSL,42.355737836035004,0
373,26,Mensal,Não,88.41775737833726,0
374,16,Dois anos,Fibra Óptica,42.046180256722415,0
375,51,Mensal,Fibra Óptica,98.44576809226993,1
376,57,Mensal,Fibra Óptica,97.36303071011,1
377,29,Mensal,Fibra Óptica,99.28737210931737,1
378,69,Mensal,DSL,100.21089794904081,0
379,47,Mensal,DSL,98.49794474683615,1
380,62,Anual,DSL,43.75815698778585,0
381,69,Dois anos,Fibra Óptica,52.25860200950447,0
382,16,Mensal,DSL,100.33088720816465,1
383,48,Anual,Fibra Óptica,36.133609680987846,0
384,39,Mensal,DSL,98.833794688334,1
385,33,Dois anos,DSL,47.824358287687105,0
386,23,Anual,Fibra Óptica,38.33142059111955,0
387,10,Mensal,Fibra Óptica,86.81529437310135,1
388,69,Anual,Fibra Óptica,51.743626963285436,0
389,34,Mensal,DSL,102.27877376146627,1
390,52,Mensal,Não,105.32311713280812,1
391,10,Anual,DSL,39.66835601722256,0
392,19,Mensal,Fibra Óptica,94.76007493262398,1
393,58,Mensal,Fibra Óptica,97.57544346765927,0
394,1,Mensal,DSL,94.99673099630049,1
395,69,Anual,DSL,53.68859339441096,0
396,4,Mensal,Fibra Óptica,85.58021465130443,1
397,16,Mensal,Fibra Óptica,95.49290488381324,1
398,24,Anual,DSL,43.90292870524734,0
399,2,Anual,Fibra Óptica,40.64937818802595,0
400,32,Mensal,Fibra Óptica,96.49555814894468,1
401,24,Mensal,Fibra Óptica,90.98266837385005,1
402,12,Mensal,Fibra Óptica,90.35992534526055,1
403,50,Mensal,DSL,95.43425695230097,1
404,35,Mensal,Não,97.21520291900586,1
405,33,Anual,DSL,41.20438234480497,0
406,33,Anual,Fibra Óptica,53.16399143149196,0
407,61,Anual,Fibra Óptica,52.512195039839085,0
408,51,Mensal,Fibra Óptica,105.51824657902627,1
409,43,Anual,Fibra Óptica,46.79557178178707,0
410,12,Mensal,DSL,91.03391801123819,1
411,67,Dois anos,Fibra Óptica,48.96446628416498,0
412,65,Anual,Fibra Óptica,47.919462828565315,0
413,33,Mensal,Fibra Óptica,98.01167260808644,1
414,40,Anual,Fibra Óptica,45.78465837876566,0
415,43,Mensal,Fibra Óptica,99.07404938298338,1
416,44,Anual,Fibra Óptica,43.18581694093275,0
417,29,Mensal,Não,93.29992809214085,1
418,13,Mensal,Fibra Óptica,86.1072624556645,1
419,12,Dois anos,Fibra Óptica,45.758311903488604,0
420,46,Mensal,DSL,110.69815408590785,1
421,2,Anual,Não,42.23549323228967,0
422,35,Mensal,DSL,91.17517811492705,1
423,8,Anual,DSL,41.37389217585288,0
424,26,Anual,Fibra Óptica,46.157690835752504,0
425,34,Mensal,Fibra Óptica,95.25331775147399,1
426,7,Mensal,Fibra Óptica,94.31514244277592,1
427,68,Mensal,DSL,101.78899108196767,1
428,58,Mensal,DSL,109.71515121864947,1
429,29,Mensal,Fibra Óptica,98.09736085565734,1
430,36,Anual,Fibra Óptica,38.45303187079318,0
431,21,Dois anos,DSL,44.490456568302044,0
432,36,Dois anos,Fibra Óptica,49.43531944570659,0
433,10,Anual,DSL,38.8294675833278,0
434,24,Anual,DSL,43.03601778636476,0
435,64,Anual,DSL,48.290042181504425,0
436,49,Mensal,DSL,94.5991039788496,1
437,36,Dois anos,DSL,43.382747286152814,0
438,24,Anual,Fibra Óptica,43.25400749246621,0
439,23,Mensal,DSL,94.43037190466458,1
440,62,Mensal,DSL,106.87433337827873,1
441,37,Mensal,Fibra Óptica,95.90959843859287,1
442,12,Mensal,Fibra Óptica,91.23755210732665,1
443,55,Dois anos,Fibra Óptica,52.097016068224875,0
444,13,Mensal,Fibra Óptica,94.179768828596,1
445,23,Mensal,DSL,93.01189833880281,1
446,30,Dois anos,DSL,48.11044295829847,0
447,17,Mensal,Fibra Óptica,90.42682765482814,1
448,62,Mensal,Fibra Óptica,99.23576144949403,1
449,13,Mensal,Não,78.9232621892604,1
450,59,Anual,Fibra Óptica,44.86896658476118,0
451,19,Dois anos,Fibra Óptica,47.28499947286676,0
452,49,Mensal,DSL,89.90904281371857,1
453,12,Dois anos,Fibra Óptica,34.581815377109265,0
454,61,Mensal,Fibra Óptica,104.86584902403163,1
455,19,Dois anos,Fibra Óptica,29.51708220879171,0
456,9,Anual,Fibra Óptica,35.085316260099596,0
457,71,Anual,DSL,55.74312540570215,0
458,28,Mensal,Fibra Óptica,106.28563525382572,1
459,52,Dois anos,Fibra Óptica,48.792648906590514,0
460,16,Anual,DSL,34.40647423644284,0
461,69,Mensal,DSL,99.46986255133936,0
462,12,Anual,Fibra Óptica,38.96334917430294,0
463,25,Mensal,Fibra Óptica,96.87532285040626,1
464,52,Dois anos,DSL,56.631059878546594,0
465,53,Mensal,Fibra Óptica,105.92453050726678,1
466,23,Anual,Fibra Óptica,40.859341767090875,0
467,16,Mensal,DSL,91.99446997828369,1
468,57,Mensal,DSL,116.94406479109183,0
469,39,Mensal,DSL,101.40348024456026,1
470,53,Mensal,DSL,97.72674767669305,0
471,42,Mensal,DSL,97.7473916266234,1
472,58,Mensal,Fibra Óptica,97.68323254456527,1
473,39,Mensal,DSL,86.24775861532882,0
474,14,Mensal,Fibra Óptica,94.83376120061739,1
475,5,Mensal,Fibra Óptica,100.38277732736735,1
476,35,Anual,DSL,34.6860233164119,0
477,18,Mensal,DSL,94.34681922397586,1
478,9,Dois anos,Fibra Óptica,35.206892182567366,0
479,58,Dois anos,Não,51.14892870610461,0
480,17,Anual,Fibra Óptica,38.37715854402559,0
481,7,Mensal,Fibra Óptica,85.07023297249278,1
482,46,Dois anos,Fibra Óptica,41.235897508506675,0
483,13,Mensal,DSL,88.91900358465973,1
484,40,Mensal,DSL,105.19209728451682,1
485,42,Mensal,Fibra Óptica,105.33680262923154,1
486,9,Anual,DSL,36.08206989208493,0
487,50,Mensal,Fibra Óptica,106.60952341183751,1
488,27,Mensal,DSL,95.00458704759991,1
489,66,Dois anos,Fibra Óptica,48.508102286004416,0
490,5,Dois anos,Fibra Óptica,38.22700528101122,0
491,29,Mensal,Não,97.69463263769896,1
492,37,Mensal,Fibra Óptica,95.09328228025578,1
493,38,Anual,Fibra Óptica,43.548138038559536,0
494,8,Mensal,DSL,96.00711877281339,1
495,65,Mensal,Não,104.11820444061101,1
496,17,Mensal,Fibra Óptica,94.08442075520239,1
497,71,Dois anos,Fibra Óptica,53.612317149659326,0
498,45,Anual,Fibra Óptica,48.17233963194147,0
499,4,Anual,Fibra Óptica,36.3257302345838,0
500,36,Dois anos,Fibra Óptica,41.77051079286461,0
501,70,Mensal,DSL,105.41652276195195,0
502,31,Mensal,Não,88.70068759546429,1
503,19,Mensal,Fibra Óptica,93.2188962670615,1
504,61,Mensal,Fibra Óptica,90.31270670300947,0
505,54,Mensal,Fibra Óptica,92.89154732739827,1
506,39,Anual,Fibra Óptica,34.50788008056486,0
507,19,Anual,DSL,44.875568039913674,0
508,39,Dois anos,Fibra Óptica,44.81132515810198,0
509,67,Mensal,Fibra Óptica,97.5602611284991,1
510,45,Anual,DSL,47.2941395448752,0
511,13,Anual,Fibra Óptica,43.38208172448101,0
512,58,Mensal,DSL,104.61293402531764,1
513,20,Anual,Fibra Óptica,38.89525868518549,1
514,72,Mensal,DSL,106.03293933667761,0
515,61,Mensal,Não,107.17798891029445,1
516,39,Mensal,DSL,95.9242770562675,0
517,1,Mensal,Não,90.8198408608699,1
518,3,Mensal,Fibra Óptica,89.78454102154862,1
519,62,Anual,Fibra Óptica,40.17173006438599,0
520,63,Dois anos,DSL,54.12425698147686,0
521,25,Anual,DSL,51.12516865261847,0
522,56,Anual,Fibra Óptica,42.66983622144247,0
523,33,Mensal,Fibra Óptica,101.88390741901226,1
524,38,Anual,Fibra Óptica,39.228840428840414,0
525,6,Mensal,Fibra Óptica,92.33444531996611,1
526,58,Mensal,Fibra Óptica,109.61056761352965,0
527,44,Mensal,DSL,96.66831131762022,1
528,45,Mensal,Fibra Óptica,99.3970741726214,1
529,32,Mensal,Fibra Óptica,87.8629912620404,1
530,45,Mensal,DSL,96.14948452484961,0
531,61,Mensal,DSL,93.13914463457725,0
532,47,Dois anos,DSL,48.48730667763034,0
533,21,Mensal,DSL,98.82869403933867,1
534,36,Mensal,Fibra Óptica,96.56233181172675,1
535,19,Mensal,DSL,95.69994108086473,0
536,20,Anual,Fibra Óptica,38.21015705139618,0
537,57,Mensal,Fibra Óptica,105.57323307395296,1
538,18,Mensal,DSL,94.71781592020676,0
539,47,Mensal,Não,89.94218946556299,0
540,49,Mensal,Fibra Óptica,104.97041033504487,1
541,14,Mensal,Fibra Óptica,91.32279227166501,1
542,15,Mensal,Fibra Óptica,87.11860888853876,1
543,31,Mensal,Fibra Óptica,94.47583638286076,1
544,1,Mensal,Fibra Óptica,81.16015800184857,1
545,54,Mensal,DSL,95.02105968838556,0
546,3,Anual,Fibra Óptica,37.153557378225365,0
547,16,Mensal,Não,94.80406467628362,1
548,57,Mensal,DSL,103.40270041585663,1
549,12,Mensal,DSL,92.88655558339826,1
550,16,Dois anos,DSL,36.67709046089529,0
551,72,Mensal,Fibra Óptica,104.59821054727796,1
552,24,Mensal,Fibra Óptica,93.08446900984134,1
553,28,Anual,DSL,33.3099013372725,0
554,8,Mensal,DSL,88.20843128952782,1
555,36,Mensal,DSL,102.1182124004259,1
556,8,Mensal,Fibra Óptica,100.0119770048555,1
557,58,Dois anos,Não,51.79779129884879,0
558,60,Mensal,Fibra Óptica,110.18899504954284,1
559,50,Anual,DSL,46.265752378323214,0
560,28,Dois anos,Não,51.25329650176805,0
561,41,Mensal,Fibra Óptica,108.94294844622368,1
562,64,Mensal,DSL,94.60315875439983,1
563,27,Mensal,Fibra Óptica,96.97797278024494,1
564,63,Mensal,Fibra Óptica,103.50265719001848,1
565,17,Mensal,Fibra Óptica,91.74998716666029,1
566,33,Dois anos,DSL,46.00099376901228,0
567,29,Anual,Não,41.8444346708578,0
568,13,Anual,DSL,34.7615647256882,0
569,46,Mensal,Fibra Óptica,99.53748071939587,1
570,35,Anual,DSL,48.86178222449037,0
571,6,Dois anos,Não,39.05410656266873,0
572,69,Anual,Fibra Óptica,52.77358306892908,0
573,47,Mensal,Não,98.48524074318533,1
574,25,Anual,Fibra Óptica,43.099129378406495,0
575,66,Mensal,DSL,97.62443359216488,0
576,10,Mensal,Fibra Óptica,89.97190374748182,1
577,56,Mensal,Fibra Óptica,101.15716320175113,1
578,30,Anual,Fibra Óptica,35.45712972451573,0
579,5,Anual,DSL,32.68772573318706,0
580,33,Mensal,Fibra Óptica,98.63606508745023,1
581,65,Mensal,Fibra Óptica,104.11966582602093,1
582,18,Mensal,DSL,98.1023333678693,1
583,49,Mensal,Não,97.26795115365495,0
584,11,Mensal,Fibra Óptica,92.95851737460698,0
585,26,Mensal,Fibra Óptica,92.31116919016164,1
586,63,Anual,Fibra Óptica,51.96945207319505,0
587,59,Mensal,Fibra Óptica,108.224236824707,1
588,27,Mensal,DSL,98.2871303808448,1
589,49,Mensal,DSL,105.57647762596369,1
590,33,Dois anos,DSL,43.70391539269466,0
591,1,Anual,Fibra Óptica,40.0667785026243,1
592,21,Anual,DSL,40.41589804071072,0
593,55,Mensal,DSL,96.34586591165194,0
594,6,Mensal,DSL,92.90411318807381,1
595,69,Mensal,DSL,99.29402277562822,1
596,5,Anual,DSL,48.53445408549297,0
597,3,Dois anos,DSL,35.87097528437868,0
598,53,Anual,Fibra Óptica,49.66399860489341,0
599,23,Dois anos,Não,41.479349980627376,0
600,53,Anual,Fibra Óptica,40.27074220746889,0
601,37,Mensal,DSL,88.37789109425792,0
602,17,Dois anos,Fibra Óptica,44.086485853626,0
603,1,Mensal,DSL,98.41721087843608,1
604,51,Mensal,DSL,96.99648770852899,0
605,45,Mensal,Fibra Óptica,91.18704364678283,1
606,4,Mensal,Fibra Óptica,89.64469258247264,1
607,62,Mensal,DSL,98.18492101838712,0
608,65,Mensal,DSL,100.21892784527031,0
609,32,Mensal,Fibra Óptica,99.9223747432072,1
610,34,Mensal,Fibra Óptica,97.01819100756659,1
611,72,Mensal,DSL,100.7229684501707,0
612,39,Mensal,Fibra Óptica,101.21301017588675,1
613,26,Mensal,Fibra Óptica,99.00486796995973,1
614,34,Mensal,Fibra Óptica,95.58521881435765,1
615,54,Anual,Fibra Óptica,47.328391932238716,0
616,3,Anual,Fibra Óptica,39.041318743033294,0
617,50,Anual,Fibra Óptica,47.969324982565404,0
618,12,Anual,Fibra Óptica,38.441879762476084,0
619,65,Mensal,Fibra Óptica,110.63343683570726,1
620,54,Anual,Fibra Óptica,49.55221339272435,0
621,5,Mensal,Fibra Óptica,89.21711116209211,0
622,57,Mensal,Fibra Óptica,99.64716090608626,1
623,17,Anual,DSL,36.44837757696505,0
624,47,Mensal,Fibra Óptica,103.03111098071983,1
625,23,Anual,Fibra Óptica,37.32507152763889,0
626,14,Anual,Fibra Óptica,36.514313881634386,0
627,66,Dois anos,Fibra Óptica,55.43152801883441,0
628,51,Dois anos,DSL,48.0995758885923,0
629,38,Mensal,DSL,104.06316938018671,0
630,64,Mensal,DSL,107.26080561134248,1
631,38,Mensal,DSL,92.18714709923046,1
632,50,Mensal,Não,99.95984095337727,1
633,30,Anual,Fibra Óptica,46.78855452749113,0
634,51,Anual,Fibra Óptica,39.92792900189336,0
635,63,Anual,Fibra Óptica,50.537363429441804,0
636,52,Mensal,Fibra Óptica,100.67432387608706,1
637,38,Mensal,Fibra Óptica,89.29656253396884,1
638,30,Mensal,DSL,97.06880276717544,1
639,51,Mensal,Fibra Óptica,96.48316616394811,0
640,5,Dois anos,Não,32.10315716767322,0
641,29,Mensal,DSL,96.31620962369394,1
642,4,Mensal,Fibra Óptica,81.61624154831574,1
643,10,Mensal,Fibra Óptica,89.09905478165636,1
644,56,Anual,Fibra Óptica,59.79468059016166,0
645,17,Anual,Fibra Óptica,42.489921294683135,0
646,17,Mensal,Fibra Óptica,89.46338171374401,1
647,69,Mensal,Fibra Óptica,111.29133594508275,1
648,34,Mensal,Fibra Óptica,92.3102884406951,1
649,6,Mensal,Fibra Óptica,88.90203047890341,1
650,53,Anual,Não,40.69455227800198,0
651,66,Anual,DSL,50.31920872097853,0
652,43,Mensal,Não,105.91365435506641,1
653,23,Mensal,Fibra Óptica,90.07547508178149,1
654,55,Dois anos,Fibra Óptica,37.63920089120991,0
655,16,Mensal,DSL,99.12533961717787,1
656,8,Anual,Fibra Óptica,45.20781183308682,0
657,4,Mensal,Fibra Óptica,81.2951039125071,1
658,4,Mensal,DSL,93.570777951813,1
659,56,Mensal,DSL,102.80303300515722,0
660,25,Mensal,Fibra Óptica,91.533129720142,1
661,67,Dois anos,Fibra Óptica,43.369637744909184,0
662,67,Mensal,Fibra Óptica,108.82925797181356,1
663,27,Mensal,Fibra Óptica,96.76585890186675,1
664,32,Mensal,Fibra Óptica,98.14263853171438,1
665,50,Mensal,Fibra Óptica,97.36165948041477,1
666,61,Mensal,Fibra Óptica,98.66096022233098,1
667,51,Mensal,Não,88.39563853821105,0
668,19,Anual,DSL,38.49866917872402,0
669,21,Mensal,DSL,101.86463814185188,1
670,5,Mensal,Fibra Óptica,87.0192341443375,1
671,42,Dois anos,Fibra Óptica,37.72934260692165,0
672,61,Mensal,Fibra Óptica,104.84882907686578,1
673,22,Dois anos,Fibra Óptica,44.44181607048703,0
674,21,Mensal,Fibra Óptica,91.7409764411749,1
675,70,Dois anos,DSL,49.19759375475714,0
676,1,Anual,DSL,37.358324913742216,0
677,5,Anual,Fibra Óptica,36.061061984501784,0
678,12,Dois anos,Fibra Óptica,44.34206275702526,0
679,46,Mensal,Não,111.85671912420187,0
680,34,Dois anos,Fibra Óptica,35.195598302303075,0
681,49,Mensal,Fibra Óptica,106.41928189737068,1
682,45,Mensal,Fibra Óptica,99.99680474969745,1
683,27,Mensal,DSL,102.81151093885158,1
684,26,Mensal,Não,99.29227880090917,1
685,47,Mensal,Fibra Óptica,100.17628854425934,1
686,56,Mensal,DSL,105.47062095678595,1
687,63,Mensal,DSL,101.09972738865679,0
688,48,Anual,Fibra Óptica,41.56730221712415,0
689,61,Anual,Fibra Óptica,52.09312490564017,0
690,26,Mensal,Fibra Óptica,91.44886400063325,1
691,36,Mensal,Não,100.88236920278862,0
692,1,Mensal,Fibra Óptica,90.82424416001827,1
693,8,Mensal,DSL,80.42329798896789,1
694,52,Mensal,Fibra Óptica,97.99859399226608,1
695,47,Mensal,DSL,101.54469721970389,1
696,56,Mensal,Fibra Óptica,99.64050292503832,1
697,14,Dois anos,DSL,27.007755519444423,0
698,28,Mensal,DSL,102.67425688371158,1
699,2,Mensal,DSL,91.71738150093884,1
700,26,Mensal,DSL,97.8892027009298,1
701,14,Mensal,Fibra Óptica,90.90412548368955,1
702,59,Mensal,DSL,104.92795468531406,1
703,56,Anual,Fibra Óptica,56.21291005058194,0
704,7,Mensal,Fibra Óptica,88.19514132644399,1
705,3,Mensal,Fibra Óptica,99.40556977136612,1
706,23,Dois anos,Fibra Óptica,43.53423640771539,0
707,18,Dois anos,Fibra Óptica,36.19425233807103,0
708,38,Anual,Não,54.50076251560346,0
709,15,Mensal,Fibra Óptica,95.42870744402543,1
710,64,Anual,DSL,52.02120267151362,0
711,28,Mensal,Fibra Óptica,94.72374572094698,1
712,39,Mensal,Fibra Óptica,94.28887301793318,1
713,57,Mensal,Fibra Óptica,102.70957246795973,0
714,17,Mensal,Não,101.77782486199743,1
715,44,Mensal,DSL,97.72220718365233,1
716,25,Mensal,Não,95.33675001671008,1
717,17,Dois anos,Não,47.62305843815327,0
718,13,Dois anos,Fibra Óptica,38.039781849234146,0
719,25,Anual,Fibra Óptica,43.39019088349402,0
720,68,Mensal,DSL,108.45725877827925,1
721,10,Dois anos,Fibra Óptica,37.957511333870436,0
722,67,Mensal,Fibra Óptica,105.41969421058039,1
723,18,Anual,Fibra Óptica,42.74432321605429,0
724,34,Mensal,DSL,95.26593027686013,1
725,8,Anual,DSL,41.51763515259839,0
726,40,Mensal,Fibra Óptica,95.73557582730358,1
727,42,Dois anos,Fibra Óptica,41.9659781834529,0
728,41,Dois anos,DSL,37.50621077415307,0
729,6,Mensal,DSL,89.15319452507549,1
730,52,Mensal,Fibra Óptica,96.79299273522967,1
731,26,Dois anos,DSL,40.13704629698048,0
732,64,Mensal,Fibra Óptica,106.33046940415322,1
733,59,Dois anos,Fibra Óptica,40.11304481137984,0
734,56,Mensal,DSL,91.79715177164523,1
735,59,Mensal,DSL,98.52511016132436,1
736,70,Mensal,Fibra Óptica,106.77665871251406,1
737,33,Mensal,DSL,98.5148309796792,1
738,53,Anual,DSL,42.613497663093796,0
739,22,Mensal,DSL,100.71754740536309,1
740,21,Mensal,DSL,91.37845656898908,0
741,70,Mensal,DSL,106.78277617521641,0
742,70,Mensal,Fibra Óptica,102.65657460690991,0
743,4,Dois anos,Fibra Óptica,33.39753432328707,0
744,62,Dois anos,Fibra Óptica,46.31608213768165,0
745,62,Mensal,Fibra Óptica,106.54050816864857,1
746,24,Anual,DSL,42.443935053362196,0
747,55,Anual,Fibra Óptica,51.67932264653113,0
748,9,Mensal,Fibra Óptica,94.07543665726618,1
749,3,Dois anos,Fibra Óptica,29.485568762384254,0
750,31,Mensal,Fibra Óptica,107.24258041612474,1
751,40,Mensal,Fibra Óptica,100.34635131487312,1
752,36,Dois anos,DSL,46.7147738501965,0
753,24,Mensal,Fibra Óptica,93.38631784709797,1
754,6,Anual,DSL,42.60470079415197,0
755,66,Dois anos,Não,44.675878275254746,0
756,4,Mensal,Fibra Óptica,94.31965163289824,1
757,6,Dois anos,Fibra Óptica,27.74324966702016,0
758,51,Mensal,Fibra Óptica,104.0565488513317,1
759,62,Mensal,DSL,97.47275418638364,0
760,57,Anual,DSL,48.623781929784045,0
761,66,Dois anos,Fibra Óptica,56.928118411986226,0
762,8,Mensal,Fibra Óptica,96.18409311708297,1
763,26,Mensal,DSL,101.79241459516858,1
764,51,Anual,Fibra Óptica,51.64305154588747,0
765,45,Anual,Fibra Óptica,42.21739561309903,0
766,44,Anual,DSL,47.630460196687686,0
767,5,Mensal,DSL,82.84592176487173,1
768,70,Mensal,DSL,101.03582415485953,1
769,26,Mensal,DSL,102.63378068600103,1
770,68,Anual,DSL,47.51362531551732,0
771,19,Mensal,Fibra Óptica,84.93049681122706,1
772,20,Mensal,DSL,104.53900083123756,1
773,12,Dois anos,Não,42.15266749410395,0
774,47,Mensal,DSL,103.69289734610973,1
775,1,Dois anos,Fibra Óptica,32.23906840364587,0
776,14,Anual,Fibra Óptica,40.05909218029777,0
777,64,Anual,Fibra Óptica,49.92668418209439,0
778,38,Mensal,Fibra Óptica,93.9630819614624,1
779,37,Mensal,Fibra Óptica,97.021407816965,0
780,11,Anual,DSL,30.536470763733334,0
781,3,Anual,DSL,34.70526166326841,0
782,33,Anual,Fibra Óptica,47.30804061394752,0
783,6,Mensal,DSL,87.93626494962035,1
784,50,Anual,Fibra Óptica,55.37529850978119,0
785,10,Anual,Fibra Óptica,30.658351764973137,0
786,5,Anual,Fibra Óptica,35.53793257867045,0
787,23,Anual,Fibra Óptica,37.15665950957779,0
788,10,Anual,Fibra Óptica,36.93790517078407,0
789,44,Anual,Fibra Óptica,51.49618323835303,0
790,2,Mensal,Fibra Óptica,85.9482287622603,1
791,13,Mensal,DSL,90.81415358993311,1
792,40,Mensal,Fibra Óptica,101.74303500819647,1
793,2,Mensal,DSL,91.33630014416904,1
794,65,Mensal,DSL,104.34638099112578,0
795,63,Mensal,DSL,98.24412454658298,1
796,17,Mensal,Não,93.5125888865683,1
797,9,Mensal,Fibra Óptica,97.92839850227838,1
798,15,Anual,Fibra Óptica,30.791204412243523,0
799,24,Dois anos,DSL,38.25487032476022,0
800,38,Mensal,Fibra Óptica,88.99279809695409,1
801,35,Dois anos,DSL,46.62629456297405,0
802,49,Mensal,DSL,106.39785897115311,0
803,69,Mensal,DSL,103.35345630812056,0
804,62,Mensal,Não,97.84290617200429,0
805,60,Mensal,Não,97.5892739873081,0
806,50,Anual,DSL,44.353523288284705,0
807,9,Anual,Fibra Óptica,36.134449100690794,0
808,34,Mensal,DSL,101.82966513714763,1
809,35,Mensal,Fibra Óptica,94.12612607236571,0
810,1,Mensal,Fibra Óptica,92.84589793551008,1
811,40,Mensal,DSL,96.94315609834143,0
812,64,Mensal,Fibra Óptica,99.54672146838159,0
813,22,Mensal,Fibra Óptica,93.21862592787589,1
814,60,Anual,Fibra Óptica,49.52150123700332,0
815,64,Dois anos,DSL,54.316083027663865,0
816,72,Mensal,Fibra Óptica,103.61064030878833,1
817,11,Dois anos,DSL,33.12172542426651,0
818,14,Mensal,Fibra Óptica,98.26908026090797,1
819,60,Mensal,DSL,97.9796593288202,1
820,30,Mensal,DSL,97.77462208296843,1
821,35,Anual,Fibra Óptica,42.71464598912965,0
822,37,Dois anos,Fibra Óptica,43.54856561652426,0
823,5,Anual,Fibra Óptica,34.40392782670838,0
824,26,Mensal,Não,98.7712501466581,1
825,62,Anual,DSL,30.328496290210865,0
826,4,Mensal,Não,96.95285878641596,1
827,42,Dois anos,Fibra Óptica,40.77887720628517,0
828,18,Mensal,DSL,96.11029079333402,1
829,40,Mensal,DSL,100.24563433425541,1
830,72,Mensal,DSL,111.24539315468488,0
831,39,Anual,Não,44.62755500533876,0
832,14,Mensal,Fibra Óptica,89.12496034141054,1
833,32,Anual,Fibra Óptica,34.21503438809357,0
834,51,Mensal,DSL,98.92649047021591,0
835,38,Anual,DSL,33.64793218323336,0
836,23,Anual,DSL,37.296380796094645,0
837,63,Anual,Fibra Óptica,46.9756562259974,0
838,15,Mensal,Fibra Óptica,90.02092635443616,1
839,25,Mensal,Fibra Óptica,95.67937453140533,1
840,17,Mensal,Fibra Óptica,92.68998618998474,1
841,66,Anual,DSL,47.40037662100451,0
842,53,Mensal,DSL,88.94975315939425,0
843,51,Mensal,Fibra Óptica,94.19698034115304,1
844,39,Mensal,Fibra Óptica,101.48378990385515,1
845,51,Mensal,Fibra Óptica,104.691787609318,1
846,70,Anual,Fibra Óptica,40.64492573775344,0
847,6,Mensal,DSL,87.59691533841013,1
848,67,Anual,Não,54.59863616564405,0
849,7,Mensal,Fibra Óptica,88.28031217755503,1
850,51,Mensal,DSL,100.11305230895522,0
851,72,Mensal,DSL,112.07953288966033,0
852,42,Mensal,DSL,97.0626196873638,0
853,64,Mensal,Fibra Óptica,100.7469091936452,1
854,15,Anual,Não,38.053625874685274,0
855,29,Mensal,Fibra Óptica,105.53756023407992,1
856,33,Anual,Fibra Óptica,44.66981850909582,0
857,27,Mensal,Fibra Óptica,95.96591438347961,1
858,36,Mensal,Fibra Óptica,95.04870646617286,1
859,29,Anual,Fibra Óptica,44.33289396855403,0
860,38,Mensal,Fibra Óptica,101.36900509423477,1
861,57,Mensal,Fibra Óptica,96.50461369720344,1
862,27,Mensal,DSL,99.30364720431157,1
863,55,Mensal,DSL,100.71474481146362,0
864,33,Anual,Fibra Óptica,42.562802500791456,0
865,68,Mensal,DSL,99.64906122963917,0
866,66,Anual,DSL,47.038899188503876,0
867,10,Dois anos,DSL,33.79070475214121,0
868,5,Mensal,Fibra Óptica,86.07941539399927,1
869,38,Dois anos,DSL,46.42686718038925,0
870,13,Mensal,Não,91.29492341736523,1
871,31,Dois anos,DSL,36.64322772894327,0
872,47,Mensal,Fibra Óptica,110.75576948202266,1
873,52,Anual,Fibra Óptica,40.615534131068735,0
874,56,Mensal,DSL,107.13102104967744,1
875,15,Mensal,Fibra Óptica,86.08818803647176,1
876,29,Anual,Fibra Óptica,43.92132100348739,0
877,8,Anual,Fibra Óptica,36.18600748455496,0
878,5,Mensal,DSL,88.32522258778876,1
879,29,Mensal,DSL,97.25421786340931,1
880,47,Anual,Fibra Óptica,45.55010860929508,0
881,68,Anual,Não,45.3764834092382,0
882,45,Dois anos,Fibra Óptica,41.65272167432035,0
883,2,Anual,DSL,28.369238267676415,0
884,27,Dois anos,DSL,43.8692380000406,0
885,36,Anual,DSL,36.76978519214838,0
886,36,Mensal,Não,97.6903810271667,0
887,26,Mensal,Fibra Óptica,98.63289616518436,1
888,43,Anual,DSL,45.47908448676869,0
889,27,Anual,Fibra Óptica,37.623152837562124,0
890,69,Mensal,DSL,108.81456830133061,1
891,20,Mensal,DSL,92.4306488540745,1
892,11,Dois anos,DSL,32.470612283230395,0
893,38,Mensal,Fibra Óptica,96.65186872231438,1
894,6,Mensal,DSL,94.60449313450441,1
895,72,Mensal,Fibra Óptica,101.49843467253015,1
896,23,Mensal,Fibra Óptica,99.4614183194323,1
897,47,Mensal,DSL,96.01887591849253,1
898,46,Mensal,Fibra Óptica,96.49944027615314,1
899,12,Mensal,DSL,87.64011116531452,1
900,13,Anual,Fibra Óptica,41.857357012188565,0
901,62,Mensal,Fibra Óptica,102.60429339413477,1
902,60,Anual,DSL,42.93999958892855,0
903,43,Dois anos,Fibra Óptica,43.56036436684983,0
904,68,Mensal,Fibra Óptica,88.71475130508563,1
905,5,Anual,DSL,40.72867114498164,0
906,37,Mensal,Fibra Óptica,97.01677304708925,1
907,72,Dois anos,DSL,39.31022532320586,0
908,31,Mensal,Fibra Óptica,89.38709903796037,1
909,9,Anual,DSL,35.530839014860405,0
910,51,Anual,DSL,39.467955532124236,0
911,29,Mensal,DSL,100.23725286301107,1
912,40,Mensal,Fibra Óptica,100.56337067453654,1
913,41,Anual,DSL,45.83648904523777,0
914,11,Anual,DSL,25.017074651574898,0
915,23,Mensal,DSL,92.4432141735463,1
916,1,Anual,Fibra Óptica,32.55072707460314,0
917,46,Mensal,DSL,94.90023397405784,0
918,21,Anual,DSL,37.96293292182986,0
919,36,Mensal,Fibra Óptica,92.03931520915046,1
920,54,Dois anos,Fibra Óptica,48.81751974300644,0
921,57,Mensal,DSL,105.70326301626964,0
922,1,Mensal,Fibra Óptica,94.07242493669914,1
923,63,Mensal,Não,102.38094998602337,0
924,54,Mensal,DSL,111.26670472624829,0
925,55,Mensal,DSL,107.17038181708332,1
926,40,Mensal,Fibra Óptica,97.96271522621802,1
927,15,Anual,Fibra Óptica,36.42744827664084,0
928,21,Mensal,Não,101.36064205849038,1
929,47,Mensal,Fibra Óptica,104.90840965839445,1
930,53,Mensal,DSL,94.01837022545962,1
931,9,Mensal,Fibra Óptica,97.6996128407245,1
932,52,Mensal,Fibra Óptica,100.09863857096114,1
933,57,Mensal,Fibra Óptica,97.56594859161399,1
934,26,Mensal,Fibra Óptica,85.77447694837747,1
935,41,Mensal,Não,97.32592527109178,1
936,35,Mensal,Fibra Óptica,97.40936831848114,1
937,63,Mensal,Fibra Óptica,111.00714451513186,0
938,25,Mensal,Fibra Óptica,100.2566752833242,1
939,38,Mensal,Fibra Óptica,95.15607263770059,1
940,2,Dois anos,Fibra Óptica,39.288128049354036,0
941,7,Mensal,DSL,96.00175335794489,1
942,34,Anual,Fibra Óptica,43.06859626773449,0
943,17,Mensal,Fibra Óptica,90.93473544942476,1
944,43,Anual,Fibra Óptica,41.777947046431194,0
945,59,Anual,Não,49.56617467993318,0
946,51,Mensal,Fibra Óptica,102.73540907220601,1
947,54,Dois anos,Fibra Óptica,46.276642999437634,0
948,24,Mensal,DSL,82.17474521931408,1
949,25,Mensal,DSL,89.01789260812433,1
950,71,Anual,Fibra Óptica,53.13725393570898,0
951,52,Anual,Fibra Óptica,35.58461934086904,0
952,70,Mensal,DSL,110.39141132641684,0
953,33,Mensal,Fibra Óptica,102.25129255027329,1
954,49,Mensal,DSL,100.4759881542468,0
955,29,Mensal,DSL,99.26016141572381,1
956,63,Anual,Fibra Óptica,51.08268271944285,0
957,22,Mensal,Fibra Óptica,94.28614060274971,1
958,26,Mensal,Fibra Óptica,88.80106065663793,1
959,28,Mensal,DSL,100.9068711198892,1
960,49,Mensal,Fibra Óptica,107.30665630149895,1
961,71,Mensal,Fibra Óptica,98.62755362336907,1
962,49,Anual,DSL,38.58253430179992,0
963,20,Dois anos,Não,40.257431554468646,0
964,63,Anual,Fibra Óptica,45.307686349466174,0
965,61,Mensal,Não,103.39525244560808,1
966,49,Dois anos,Fibra Óptica,52.78138627755729,0
967,71,Anual,Fibra Óptica,38.81045713628595,0
968,1,Anual,Fibra Óptica,43.9451690857442,0
969,13,Mensal,Fibra Óptica,91.03716403519617,1
970,51,Mensal,Fibra Óptica,103.22940113783325,1
971,56,Mensal,Fibra Óptica,104.76413543510311,1
972,62,Mensal,Não,106.54721201556976,1
973,32,Mensal,DSL,97.18004676473076,0
974,30,Mensal,DSL,97.94830925351451,1
975,29,Mensal,Fibra Óptica,97.71561649760778,1
976,49,Anual,Fibra Óptica,42.48739532375118,0
977,45,Mensal,Fibra Óptica,90.68023028739479,1
978,30,Mensal,DSL,90.3745771057548,1
979,16,Dois anos,Não,39.62022618076518,0
980,40,Dois anos,Fibra Óptica,41.007382793773424,0
981,19,Anual,Fibra Óptica,35.71632896570074,0
982,18,Dois anos,Fibra Óptica,49.53767130668633,0
983,1,Mensal,Fibra Óptica,94.96498022788015,1
984,47,Dois anos,Fibra Óptica,45.08103624870548,0
985,66,Mensal,DSL,107.030680972858,1
986,38,Mensal,DSL,95.96916321662627,0
987,51,Mensal,Fibra Óptica,101.22412341551326,0
988,63,Mensal,Fibra Óptica,105.27864948667535,0
989,4,Mensal,Não,89.18247640572137,1
990,1,Anual,Fibra Óptica,32.61255658996294,1
991,8,Anual,Fibra Óptica,43.558468419990945,0
992,29,Mensal,Fibra Óptica,99.34107108057131,1
993,55,Mensal,Fibra Óptica,90.19745185311719,1
994,3,Anual,Fibra Óptica,33.09812967749037,0
995,32,Anual,DSL,38.33244682917645,0
996,10,Mensal,Fibra Óptica,89.36481580051878,1
997,34,Anual,Fibra Óptica,46.95082077144289,0
998,55,Mensal,DSL,101.56653608459924,1
999,32,Mensal,Fibra Óptica,89.92235789030305,1
1000,50,Dois anos,DSL,45.02534189346227,0
1001,7,Mensal,DSL,94.57919448266173,1
1002,8,Mensal,Fibra Óptica,90.972281166912,1
1003,65,Dois anos,DSL,46.7180363224379,0
1004,57,Anual,Fibra Óptica,48.89490572134106,0
1005,67,Mensal,Não,111.96146869177616,1
1006,59,Mensal,Fibra Óptica,104.57763040937337,1
1007,72,Mensal,Não,111.37521380973928,0
1008,54,Anual,DSL,43.750738238323905,0
1009,67,Mensal,Fibra Óptica,103.82869568896048,1
1010,51,Mensal,Fibra Óptica,100.52774632190237,1
1011,8,Dois anos,Não,39.134811498593805,0
1012,34,Mensal,DSL,99.47310427648536,1
1013,35,Mensal,Fibra Óptica,92.87566063930689,1
1014,32,Mensal,DSL,100.10716967214817,1
1015,46,Anual,Fibra Óptica,36.89937963287234,0
1016,16,Mensal,Fibra Óptica,86.99172293204737,1
1017,68,Mensal,Fibra Óptica,114.74863675044692,0
1018,37,Anual,Fibra Óptica,40.68820563025404,0
1019,54,Mensal,DSL,104.91810299951179,1
1020,14,Mensal,Fibra Óptica,101.76195820671555,1
1021,55,Mensal,DSL,89.89822585068839,1
1022,48,Mensal,Fibra Óptica,105.70173714535932,1
1023,7,Mensal,Fibra Óptica,95.11522427587714,1
1024,7,Mensal,Fibra Óptica,100.07249264924599,1
1025,33,Mensal,Fibra Óptica,91.16289043625764,1
1026,23,Mensal,Fibra Óptica,102.32677952935383,1
1027,19,Anual,Fibra Óptica,35.94173716963496,0
1028,19,Dois anos,DSL,46.015305149638635,0
1029,36,Anual,Fibra Óptica,42.85870414887622,0
1030,29,Dois anos,Fibra Óptica,46.59526011043105,0
1031,60,Mensal,Fibra Óptica,102.71485216110653,1
1032,2,Dois anos,DSL,28.144408157321706,0
1033,1,Mensal,Não,75.06778612986179,1
1034,47,Dois anos,Fibra Óptica,47.390993748172804,0
1035,69,Dois anos,Fibra Óptica,49.422740890098616,0
1036,20,Anual,Fibra Óptica,41.82991408474989,0
1037,11,Dois anos,Não,37.880648749037476,1
1038,2,Mensal,Fibra Óptica,100.96089315816988,1
1039,67,Mensal,Fibra Óptica,105.0231918837223,0
1040,12,Mensal,Fibra Óptica,90.63576760666746,1
1041,20,Mensal,Fibra Óptica,96.15732157631511,1
1042,5,Mensal,Fibra Óptica,89.32713226017425,1
1043,37,Anual,DSL,43.703460498218355,0
1044,38,Dois anos,Fibra Óptica,38.45401514207618,0
1045,9,Mensal,DSL,92.22758023528274,1
1046,53,Anual,Fibra Óptica,44.04954734747255,0
1047,44,Dois anos,Fibra Óptica,40.12773295141196,0
1048,24,Dois anos,Não,51.62009541861857,0
1049,30,Dois anos,Fibra Óptica,37.52273922855452,0
1050,59,Mensal,DSL,102.30532736179046,0
1051,14,Dois anos,Fibra Óptica,35.727375903511565,0
1052,9,Anual,Fibra Óptica,39.12400668204779,0
1053,40,Mensal,Não,92.09858057223619,0
1054,66,Mensal,Fibra Óptica,107.87229036425853,1
1055,25,Anual,DSL,51.01959025944262,0
1056,22,Mensal,Fibra Óptica,90.67281005907743,1
1057,4,Anual,DSL,42.72365364105502,0
1058,26,Anual,Fibra Óptica,39.12941260566997,0
1059,58,Mensal,Fibra Óptica,109.5994618499612,1
1060,29,Mensal,DSL,107.21300117506073,1
1061,37,Anual,Não,42.070284269106125,0
1062,70,Mensal,Não,96.86917584010752,1
1063,18,Mensal,DSL,98.81092818176121,1
1064,42,Mensal,DSL,99.99259228430137,1
1065,41,Mensal,Fibra Óptica,101.17946208346899,1
1066,38,Dois anos,Fibra Óptica,42.84219086903352,0
1067,34,Mensal,Fibra Óptica,92.84804215127728,1
1068,17,Anual,Fibra Óptica,45.04055023248329,0
1069,37,Mensal,Fibra Óptica,99.46945621736094,1
1070,25,Mensal,Fibra Óptica,88.25272107366214,1
1071,27,Anual,Fibra Óptica,44.67318544366289,0
1072,57,Anual,DSL,49.669652317480924,0
1073,31,Mensal,Fibra Óptica,95.04401162296296,1
1074,6,Mensal,Fibra Óptica,99.76957241579238,1
1075,40,Mensal,Fibra Óptica,95.37964043284445,1
1076,12,Mensal,DSL,92.02557375380657,1
1077,53,Anual,DSL,50.28204976748941,0
1078,71,Mensal,DSL,105.05432099623438,1
1079,10,Mensal,Fibra Óptica,85.5483904727886,1
1080,45,Mensal,Fibra Óptica,100.38950310954792,1
1081,17,Dois anos,Fibra Óptica,38.26946711842918,0
1082,26,Dois anos,Fibra Óptica,46.42639730283667,0
1083,62,Mensal,Fibra Óptica,103.62659796455648,0
1084,46,Anual,Fibra Óptica,45.51134759288538,0
1085,64,Mensal,Fibra Óptica,98.02925042598551,1
1086,2,Mensal,Não,89.72037970501076,1
1087,54,Anual,Não,51.489314797711685,0
1088,65,Dois anos,Fibra Óptica,46.058734355548495,0
1089,51,Dois anos,Fibra Óptica,46.97866496281678,0
1090,53,Mensal,Fibra Óptica,96.38827598633573,1
1091,36,Mensal,Fibra Óptica,91.75129303932243,1
1092,26,Anual,Não,40.61451410270166,0
1093,29,Mensal,Fibra Óptica,97.13951206896746,1
1094,21,Mensal,DSL,104.63982094074376,1
1095,11,Mensal,Fibra Óptica,90.39320432534973,1
1096,40,Anual,Não,43.58796298947901,0
1097,11,Mensal,Fibra Óptica,86.42013865472616,1
1098,36,Mensal,DSL,100.73170631911535,1
1099,59,Dois anos,Fibra Óptica,50.73188997502176,0
1100,39,Mensal,DSL,105.71247963303792,1
1101,54,Mensal,Fibra Óptica,106.82861700212432,1
1102,55,Mensal,Fibra Óptica,103.22753958879218,1
1103,24,Mensal,Não,92.92014874663727,1
1104,22,Mensal,Não,95.89384843403109,1
1105,69,Mensal,DSL,103.71543893392197,0
1106,56,Dois anos,DSL,52.90840374444525,0
1107,33,Mensal,DSL,101.2016636943931,1
1108,36,Dois anos,Fibra Óptica,42.659338859981574,0
1109,20,Mensal,Fibra Óptica,87.16053734544639,1
1110,62,Mensal,Fibra Óptica,109.53744274568291,1
1111,26,Mensal,DSL,98.5798760286968,1
1112,66,Mensal,Fibra Óptica,102.07305589171743,0
1113,40,Anual,Fibra Óptica,46.55317606816678,0
1114,17,Mensal,DSL,94.24481277583092,1
1115,1,Mensal,DSL,97.26359587567815,1
1116,61,Dois anos,Fibra Óptica,39.49251491923022,0
1117,43,Dois anos,Fibra Óptica,43.55546124568819,0
1118,42,Dois anos,Fibra Óptica,53.33668865564879,0
1119,25,Mensal,Fibra Óptica,98.28649826191733,1
1120,39,Anual,Fibra Óptica,52.50184266921946,0
1121,35,Mensal,DSL,91.36147077876345,0
1122,3,Mensal,DSL,96.4314898242732,1
1123,44,Mensal,DSL,104.33162836184994,1
1124,51,Mensal,Fibra Óptica,92.26186356793662,1
1125,12,Mensal,DSL,91.39299479691536,1
1126,19,Mensal,Fibra Óptica,93.73786071861036,1
1127,44,Dois anos,Fibra Óptica,37.64363593441833,0
1128,59,Mensal,DSL,100.89749461197857,0
1129,49,Mensal,Fibra Óptica,104.6364219484738,1
1130,61,Mensal,Fibra Óptica,100.71589094695707,1
1131,17,Dois anos,DSL,41.552081856625485,0
1132,57,Mensal,Fibra Óptica,103.11735765821903,1
1133,55,Mensal,DSL,101.40978918888695,1
1134,47,Anual,Fibra Óptica,41.712899207521275,0
1135,12,Anual,DSL,41.53287920206791,0
1136,62,Mensal,Fibra Óptica,94.93533743695082,1
1137,8,Anual,Fibra Óptica,37.48175002018933,0
1138,21,Anual,DSL,46.96624103023886,0
1139,70,Anual,Fibra Óptica,47.601943078442346,0
1140,72,Mensal,Fibra Óptica,101.2339001370694,1
1141,25,Dois anos,Fibra Óptica,45.56899677213224,0
1142,12,Mensal,Fibra Óptica,93.68766504751645,1
1143,15,Mensal,Fibra Óptica,97.19774265486544,1
1144,59,Mensal,Fibra Óptica,102.46299867305713,1
1145,26,Mensal,Não,83.72904399082488,1
1146,26,Mensal,Fibra Óptica,101.57007329670927,1
1147,47,Anual,Fibra Óptica,55.588941240039794,0
1148,32,Mensal,Fibra Óptica,103.29071127876222,1
1149,10,Mensal,Fibra Óptica,74.77621761923197,1
1150,16,Mensal,Não,95.92594730710861,1
1151,71,Mensal,Fibra Óptica,102.33677719170555,1
1152,17,Dois anos,Não,34.920197310196805,0
1153,23,Mensal,Fibra Óptica,95.68416705277214,1
1154,26,Mensal,DSL,94.92576977008217,1
1155,7,Mensal,Fibra Óptica,94.41379526597999,1
1156,14,Mensal,DSL,93.55340719110804,1
1157,7,Mensal,DSL,86.2664457101359,0
1158,9,Anual,Fibra Óptica,34.75580044393356,0
1159,48,Dois anos,Fibra Óptica,42.85162329663027,0
1160,72,Mensal,Fibra Óptica,96.28809036085855,1
1161,59,Anual,Não,40.780586107879,0
1162,39,Anual,Fibra Óptica,42.58346597822245,0
1163,18,Anual,Fibra Óptica,46.55757970418482,0
1164,59,Mensal,DSL,99.59272084608679,0
1165,17,Mensal,Fibra Óptica,90.08335237081684,1
1166,14,Mensal,Não,87.36407221121664,0
1167,31,Anual,DSL,42.19149180262518,0
1168,24,Anual,DSL,46.535106000699045,0
1169,60,Mensal,DSL,112.48392007662373,0
1170,45,Mensal,Fibra Óptica,100.89750312818921,1
1171,3,Dois anos,Fibra Óptica,38.241384791437525,0
1172,37,Anual,Fibra Óptica,40.521443791380705,0
1173,43,Dois anos,Fibra Óptica,43.658582970800296,0
1174,40,Anual,DSL,46.98468478290194,0
1175,55,Mensal,Não,99.89612958426538,0
1176,39,Mensal,Fibra Óptica,97.4590940087437,1
1177,15,Anual,Fibra Óptica,38.712072953896296,0
1178,4,Mensal,Não,88.3163656900434,1
1179,25,Mensal,Fibra Óptica,95.09560994919302,1
1180,13,Anual,Fibra Óptica,28.341778683694415,0
1181,33,Mensal,Fibra Óptica,99.81468565967307,1
1182,16,Anual,Não,50.7976685225087,0
1183,42,Mensal,DSL,96.11028816876545,1
1184,66,Dois anos,DSL,52.010601803263704,0
1185,55,Mensal,DSL,105.7283878458117,1
1186,42,Mensal,Fibra Óptica,105.27158260816809,1
1187,34,Anual,Fibra Óptica,41.31720188394752,0
1188,30,Mensal,DSL,87.45391997613717,1
1189,13,Anual,Fibra Óptica,39.77496908189224,0
1190,13,Anual,DSL,39.08195278092056,0
1191,18,Mensal,Não,92.34217437120076,1
1192,32,Mensal,DSL,96.20294563015908,1
1193,39,Mensal,DSL,98.98890846966943,0
1194,46,Mensal,DSL,101.47931620510003,1
1195,29,Dois anos,DSL,44.34046462945494,0
1196,62,Anual,Fibra Óptica,47.150381030142775,0
1197,62,Anual,Fibra Óptica,50.16020350257817,0
1198,57,Anual,Fibra Óptica,45.81365508627411,0
1199,16,Mensal,DSL,96.88063375225738,1
1200,56,Dois anos,Fibra Óptica,45.00420190087285,0
1201,10,Anual,DSL,38.20410028839623,0
1202,30,Anual,Fibra Óptica,33.72011641706227,0
1203,25,Dois anos,DSL,40.091863730969614,0
1204,5,Mensal,Fibra Óptica,94.30794985023067,1
1205,65,Anual,DSL,43.670134994108075,0
1206,49,Mensal,Fibra Óptica,98.67000386283036,1
1207,3,Mensal,Fibra Óptica,79.04515849502972,1
1208,45,Mensal,Fibra Óptica,92.63013570192084,1
1209,14,Dois anos,DSL,34.20904329768584,0
1210,30,Dois anos,Fibra Óptica,43.45017133211354,0
1211,68,Anual,Fibra Óptica,51.105854389611984,0
1212,18,Anual,Não,39.158531497947436,0
1213,62,Mensal,DSL,100.95753933014389,1
1214,37,Dois anos,Não,42.44590733651161,0
1215,25,Mensal,Fibra Óptica,99.05073498978325,1
1216,48,Mensal,Fibra Óptica,101.13460547899604,1
1217,65,Mensal,DSL,101.80077826305396,0
1218,53,Anual,Fibra Óptica,52.905306803854714,0
1219,15,Anual,DSL,48.588684532628925,0
1220,49,Mensal,Fibra Óptica,94.04179399341243,0
1221,68,Mensal,Fibra Óptica,106.68305659563333,0
1222,12,Anual,Fibra Óptica,53.68825736608034,0
1223,59,Mensal,Fibra Óptica,103.67153394983174,0
1224,37,Anual,Fibra Óptica,43.8160225084698,0
1225,61,Dois anos,Fibra Óptica,48.862746378787286,0
1226,43,Mensal,Não,101.52141383203448,1
1227,70,Mensal,Fibra Óptica,108.24500207733018,1
1228,39,Anual,DSL,37.4149749568025,0
1229,56,Anual,DSL,46.90639118620428,0
1230,63,Mensal,DSL,91.72301692209372,0
1231,46,Dois anos,Fibra Óptica,45.094832995147854,0
1232,11,Mensal,DSL,88.15706327547042,1
1233,62,Mensal,DSL,104.5663941402582,1
1234,25,Anual,DSL,32.55690669194329,0
1235,71,Dois anos,DSL,48.57982952595988,0
1236,52,Mensal,Não,105.70322749718385,1
1237,4,Anual,DSL,33.25714357042717,0
1238,59,Mensal,Fibra Óptica,92.74582735749135,1
1239,72,Mensal,DSL,106.1581720102257,0
1240,20,Mensal,Fibra Óptica,91.53786127911759,1
1241,63,Dois anos,DSL,48.61198889789087,0
1242,54,Mensal,Fibra Óptica,97.62115831226781,1
1243,57,Mensal,Fibra Óptica,111.74248996698093,0
1244,41,Mensal,DSL,90.88014256531321,0
1245,3,Dois anos,DSL,51.708894137726716,0
1246,6,Anual,Fibra Óptica,35.08562667389166,0
1247,5,Anual,Fibra Óptica,37.756042208739096,0
1248,5,Mensal,DSL,88.59652415655836,1
1249,54,Anual,Fibra Óptica,43.55564152837115,0
1250,47,Mensal,DSL,95.94635672741762,0
1251,49,Anual,Fibra Óptica,48.645099137866595,0
1252,9,Dois anos,DSL,31.687417610120068,0
1253,20,Mensal,DSL,96.29104896579412,1
1254,61,Anual,Fibra Óptica,37.11634565238938,0
1255,35,Mensal,Fibra Óptica,98.8381501002896,1
1256,50,Mensal,Fibra Óptica,104.71621927424174,1
1257,62,Mensal,DSL,96.49791070804393,0
1258,17,Mensal,Fibra Óptica,97.2642192531745,1
1259,3,Mensal,DSL,91.32743329770237,1
1260,32,Anual,Fibra Óptica,50.23094160443762,0
1261,13,Mensal,Fibra Óptica,88.79447433302532,1
1262,68,Anual,Fibra Óptica,63.51873884626207,0
1263,14,Mensal,Fibra Óptica,81.31659547295459,1
1264,11,Mensal,DSL,91.02298724140014,1
1265,56,Anual,DSL,38.545960774533754,0
1266,67,Mensal,DSL,113.12577712882961,1
1267,29,Mensal,Fibra Óptica,94.96200127550159,1
1268,9,Anual,Não,36.780383940802004,0
1269,67,Mensal,DSL,106.08669673500684,1
1270,25,Mensal,Não,95.44648031294433,1
1271,42,Mensal,Fibra Óptica,95.9016984625741,1
1272,9,Dois anos,Fibra Óptica,32.45817982511011,0
1273,40,Anual,Fibra Óptica,44.68137633931556,0
1274,25,Anual,DSL,42.73297749109581,0
1275,5,Anual,Fibra Óptica,40.31569550965707,0
1276,11,Mensal,Fibra Óptica,102.23414049611338,1
1277,59,Mensal,Fibra Óptica,91.40166172251081,0
1278,38,Anual,DSL,43.100223340884895,0
1279,72,Mensal,DSL,110.82919542368792,0
1280,5,Mensal,Fibra Óptica,90.84789412238645,1
1281,48,Mensal,Fibra Óptica,88.37964397611442,1
1282,18,Mensal,DSL,87.61530837033116,1
1283,70,Dois anos,Não,52.58426532664195,0
1284,37,Mensal,DSL,99.33149271899748,1
1285,60,Mensal,Não,105.83310473628588,1
1286,48,Mensal,DSL,96.16546152683985,1
1287,28,Dois anos,DSL,43.84083225285184,0
1288,69,Mensal,Fibra Óptica,99.54118970509914,1
1289,40,Mensal,DSL,99.77029621279924,1
1290,45,Anual,DSL,45.10487031316612,0
1291,62,Anual,DSL,44.1345092268339,0
1292,58,Mensal,Fibra Óptica,109.8614243983942,1
1293,67,Mensal,Fibra Óptica,95.34232649376885,0
1294,56,Mensal,Fibra Óptica,100.96240132952813,1
1295,40,Mensal,Fibra Óptica,94.25597842295923,1
1296,40,Mensal,Fibra Óptica,107.64151642386214,1
1297,33,Mensal,DSL,100.06249628268286,1
1298,6,Mensal,Fibra Óptica,88.42395436772883,1
1299,19,Mensal,Fibra Óptica,92.87192979797891,1
1300,40,Anual,Fibra Óptica,53.14509619755106,0
1301,59,Dois anos,DSL,44.0100379196052,0
1302,59,Anual,Fibra Óptica,38.816568466495625,0
1303,48,Mensal,Fibra Óptica,101.52554055689984,1
1304,41,Mensal,DSL,100.23870808161988,0
1305,13,Dois anos,Fibra Óptica,42.87158894520465,0
1306,45,Mensal,Não,102.83363504894054,0
1307,53,Mensal,Não,109.92403449824977,0
1308,42,Mensal,Fibra Óptica,90.27981879270061,1
1309,63,Anual,Fibra Óptica,42.42479335442176,0
1310,27,Anual,DSL,44.54982599737936,0
1311,38,Mensal,Fibra Óptica,92.54237873600857,1
1312,60,Mensal,Fibra Óptica,95.18756637828396,1
1313,7,Dois anos,Fibra Óptica,47.6706388396817,0
1314,5,Mensal,Não,83.37079558625933,1
1315,45,Anual,Fibra Óptica,43.08244914209519,0
1316,58,Anual,DSL,47.1419720714914,0
1317,31,Anual,DSL,48.58449253746481,0
1318,23,Mensal,Fibra Óptica,85.72649095316842,1
1319,42,Mensal,Fibra Óptica,100.94788200211202,1
1320,10,Mensal,Não,88.01862095328039,1
1321,32,Dois anos,Fibra Óptica,46.4794721412176,0
1322,53,Dois anos,DSL,43.007377448121055,0
1323,30,Mensal,Fibra Óptica,104.33203752550966,1
1324,39,Mensal,Fibra Óptica,93.7656561524495,1
1325,31,Dois anos,Fibra Óptica,30.83151754880577,0
1326,2,Anual,Fibra Óptica,32.29456307894191,0
1327,12,Dois anos,Fibra Óptica,38.034915525410874,0
1328,39,Mensal,DSL,103.68227561039231,0
1329,66,Mensal,Fibra Óptica,97.37843209175617,1
1330,13,Anual,Fibra Óptica,32.24557869207804,0
1331,46,Anual,Fibra Óptica,49.841698846193346,0
1332,27,Mensal,DSL,88.99438065476976,1
1333,17,Mensal,Fibra Óptica,92.97558903762233,1
1334,60,Mensal,DSL,101.67725032723571,1
1335,64,Mensal,Fibra Óptica,104.35840392629558,1
1336,35,Mensal,Fibra Óptica,93.72126519266777,1
1337,70,Dois anos,Fibra Óptica,46.30644414488253,0
1338,30,Mensal,DSL,98.14497845334223,1
1339,71,Anual,Fibra Óptica,45.5588300617995,0
1340,63,Mensal,Fibra Óptica,96.27066029398489,1
1341,28,Anual,Fibra Óptica,47.57780926690685,0
1342,60,Dois anos,DSL,51.38189298515126,0
1343,37,Mensal,Fibra Óptica,106.70801822340748,1
1344,22,Mensal,Fibra Óptica,98.79034450066551,1
1345,68,Mensal,Fibra Óptica,97.72978798642328,1
1346,20,Mensal,Fibra Óptica,94.95235244488076,1
1347,68,Anual,DSL,44.36066805405719,0
1348,64,Dois anos,DSL,41.48336809466394,0
1349,17,Mensal,Fibra Óptica,91.63450927923087,1
1350,12,Mensal,Fibra Óptica,97.77817062107638,1
1351,22,Mensal,Fibra Óptica,96.24506979851832,1
1352,17,Anual,Fibra Óptica,32.28433867135456,0
1353,10,Mensal,Fibra Óptica,90.05879836851709,1
1354,65,Mensal,DSL,102.75617331787087,0
1355,22,Anual,Não,31.793247057794193,0
1356,50,Anual,Não,49.40467115389148,0
1357,14,Mensal,DSL,92.12683111328701,1
1358,64,Anual,DSL,41.68583502298813,0
1359,47,Mensal,DSL,92.63463827587545,1
1360,29,Mensal,Fibra Óptica,101.77382596918883,1
1361,36,Dois anos,DSL,42.237350917526754,0
1362,52,Anual,Fibra Óptica,52.190569472430475,0
1363,7,Mensal,Fibra Óptica,99.73128364409436,1
1364,29,Mensal,DSL,101.3827476088604,1
1365,11,Mensal,Fibra Óptica,90.00334751149333,1
1366,33,Mensal,Fibra Óptica,84.58127064674437,1
1367,6,Mensal,Não,93.23548776725492,1
1368,32,Mensal,Fibra Óptica,107.32838809347352,1
1369,51,Mensal,Fibra Óptica,100.49355585371165,1
1370,58,Anual,Não,37.48973173365269,0
1371,26,Anual,DSL,37.66441684549783,0
1372,46,Anual,Fibra Óptica,44.1201429538144,0
1373,29,Mensal,Fibra Óptica,90.7805634074818,1
1374,4,Dois anos,Fibra Óptica,24.921646238355905,0
1375,13,Anual,DSL,37.9495554765728,0
1376,39,Anual,DSL,39.714428095860285,0
1377,15,Anual,Fibra Óptica,47.70226763214799,0
1378,29,Dois anos,Fibra Óptica,43.24658351816934,0
1379,29,Mensal,Fibra Óptica,98.61840072907273,1
1380,32,Mensal,Não,96.27507552710048,1
1381,2,Anual,Fibra Óptica,36.707475843517685,0
1382,47,Anual,DSL,36.977312885837705,0
1383,22,Anual,Fibra Óptica,35.03797780154197,0
1384,27,Mensal,DSL,101.31357975117754,1
1385,67,Mensal,Não,104.91781609323176,1
1386,56,Mensal,DSL,99.67797165516821,1
1387,21,Dois anos,Fibra Óptica,43.572272285584724,0
1388,47,Mensal,DSL,102.39981579378374,1
1389,59,Mensal,DSL,112.22497940930181,0
1390,6,Mensal,Fibra Óptica,92.48583796400867,1
1391,19,Mensal,DSL,88.95796836702927,1
1392,57,Dois anos,DSL,47.76293366367701,0
1393,69,Anual,DSL,52.676637463255304,0
1394,3,Anual,DSL,41.417104384791934,0
1395,1,Mensal,Fibra Óptica,82.59534688394137,1
1396,58,Anual,Fibra Óptica,48.70734292510749,0
1397,38,Mensal,Fibra Óptica,93.58423160709019,1
1398,15,Anual,Não,36.00564970455121,0
1399,34,Mensal,DSL,101.49970436579773,1
1400,61,Mensal,DSL,106.40174894174027,1
1401,35,Anual,Fibra Óptica,39.44804702166063,0
1402,64,Dois anos,Fibra Óptica,48.95220597305494,0
1403,25,Mensal,DSL,92.79009726897651,0
1404,24,Anual,Fibra Óptica,55.09732427743225,0
1405,12,Mensal,Fibra Óptica,94.2622970768076,1
1406,18,Mensal,DSL,89.87309828821682,1
1407,15,Mensal,Fibra Óptica,100.0813419756864,1
1408,27,Mensal,Fibra Óptica,102.65781307299727,1
1409,72,Mensal,Fibra Óptica,113.82885979719845,1
1410,60,Mensal,Fibra Óptica,112.91047465713125,1
1411,46,Mensal,Não,103.20908065891142,0
1412,17,Dois anos,Fibra Óptica,38.59215735936471,0
1413,53,Mensal,Fibra Óptica,100.05742240655917,1
1414,8,Anual,Fibra Óptica,35.978432819615705,0
1415,27,Mensal,DSL,93.85172940868564,1
1416,46,Anual,Fibra Óptica,51.238493364091376,0
1417,50,Mensal,DSL,100.47411077926066,0
1418,71,Mensal,Fibra Óptica,109.52761556866182,0
1419,3,Mensal,Fibra Óptica,94.45308901848571,1
1420,64,Mensal,Fibra Óptica,97.77723142897035,1
1421,44,Mensal,DSL,90.68462289526936,1
1422,53,Anual,DSL,40.25549449422309,0
1423,24,Dois anos,Fibra Óptica,39.60788423960141,0
1424,60,Anual,Fibra Óptica,48.510449828987795,0
1425,3,Anual,Não,33.1973076909265,0
1426,20,Mensal,Fibra Óptica,97.98583197828628,1
1427,46,Mensal,DSL,97.03208027249597,1
1428,15,Mensal,Fibra Óptica,94.7552934355005,1
1429,25,Mensal,Não,96.0584146478902,1
1430,71,Mensal,DSL,113.34267170351771,0
1431,17,Mensal,Não,88.99430161907942,1
1432,9,Mensal,DSL,103.31260170035429,1
1433,38,Mensal,Fibra Óptica,95.09875698088274,1
1434,48,Anual,Não,38.73852487584438,0
1435,60,Anual,Fibra Óptica,46.75423437551573,0
1436,63,Mensal,Fibra Óptica,119.27120198776481,1
1437,2,Dois anos,DSL,41.817442253348474,0
1438,72,Dois anos,DSL,54.35623659546166,0
1439,11,Mensal,Não,96.64644055278838,1
1440,64,Mensal,Fibra Óptica,99.42253892206924,1
1441,72,Mensal,DSL,106.50072812641008,1
1442,21,Dois anos,DSL,41.15392757984097,0
1443,18,Dois anos,Fibra Óptica,49.5867498214774,0
1444,64,Mensal,Fibra Óptica,102.72706766164751,1
1445,38,Mensal,Fibra Óptica,96.17912352169373,1
1446,32,Mensal,Fibra Óptica,91.04650925773517,1
1447,11,Mensal,Não,93.37057867895885,1
1448,45,Mensal,DSL,100.93526541217496,1
1449,33,Dois anos,DSL,37.53347513755276,0
1450,41,Anual,Não,46.3046273479513,0
1451,8,Anual,Fibra Óptica,38.60470694662271,0
1452,11,Dois anos,DSL,44.208644877674175,0
1453,51,Anual,Fibra Óptica,52.10064991715794,0
1454,41,Mensal,DSL,99.14190271265217,0
1455,17,Anual,Fibra Óptica,34.05698490698794,0
1456,46,Mensal,Não,95.51739834185756,0
1457,32,Anual,Fibra Óptica,51.04944764304388,0
1458,54,Mensal,Fibra Óptica,102.09795321019358,1
1459,20,Anual,DSL,48.5695782254037,0
1460,33,Mensal,Fibra Óptica,99.56353033701691,0
1461,40,Mensal,DSL,102.23918443047302,1
1462,32,Mensal,Fibra Óptica,101.56412432577157,1
1463,2,Mensal,DSL,84.75481217253366,1
1464,33,Anual,Fibra Óptica,43.97356307821105,0
1465,30,Anual,Fibra Óptica,35.65381482083811,0
1466,33,Mensal,Fibra Óptica,95.64594450519344,1
1467,26,Mensal,Fibra Óptica,98.87135442519603,1
1468,22,Mensal,Fibra Óptica,89.74383679191851,1
1469,66,Mensal,Fibra Óptica,106.46719286721914,0
1470,38,Mensal,Fibra Óptica,90.57866131725159,1
1471,46,Dois anos,Fibra Óptica,51.8580151980632,0
1472,15,Mensal,DSL,90.14832033405403,1
1473,44,Mensal,DSL,94.13491912348685,1
1474,49,Mensal,Fibra Óptica,93.09372666462536,1
1475,61,Mensal,DSL,99.77373708039248,1
1476,67,Mensal,DSL,94.33244720979678,0
1477,6,Anual,Fibra Óptica,34.296813632106776,0
1478,9,Mensal,DSL,97.76794137124618,1
1479,6,Mensal,Fibra Óptica,90.72694824588162,1
1480,32,Mensal,Fibra Óptica,90.98291316504758,1
1481,41,Mensal,Fibra Óptica,99.80182282742481,1
1482,8,Mensal,DSL,92.7599851239553,1
1483,72,Dois anos,DSL,61.12446589118393,0
1484,50,Anual,Fibra Óptica,49.79241442035045,0
1485,62,Mensal,Fibra Óptica,104.39849688044501,1
1486,62,Mensal,Não,107.39583898637852,1
1487,7,Mensal,Fibra Óptica,91.19860090368047,1
1488,4,Mensal,Fibra Óptica,90.89344034004978,1
1489,6,Anual,Não,45.33351084480625,0
1490,58,Anual,DSL,39.26091419356718,0
1491,22,Mensal,DSL,99.71023381028547,0
1492,26,Mensal,DSL,95.1165488661419,1
1493,3,Mensal,DSL,89.61305913831401,1
1494,41,Dois anos,Fibra Óptica,42.37693640978679,0
1495,60,Anual,Fibra Óptica,48.60717943046936,0
1496,14,Mensal,Fibra Óptica,93.05285891205745,1
1497,12,Mensal,Não,90.79699431094595,1
1498,12,Anual,DSL,34.72552060206517,0
1499,13,Mensal,Fibra Óptica,83.5438539823261,1
1500,25,Mensal,DSL,91.85148752282242,0
1501,45,Mensal,Fibra Óptica,96.90903051327592,1
1502,19,Anual,Fibra Óptica,40.394964688482624,0
1503,55,Mensal,Fibra Óptica,111.2859356679883,1
1504,45,Mensal,Fibra Óptica,96.39072527701369,1
1505,8,Dois anos,DSL,33.4227618095195,0
1506,53,Mensal,Fibra Óptica,97.49802578806528,0
1507,55,Mensal,DSL,102.23723008259135,0
1508,32,Mensal,DSL,99.81368354356215,1
1509,51,Mensal,Fibra Óptica,104.31223230992849,1
1510,44,Anual,Não,48.777349318819745,0
1511,70,Mensal,Fibra Óptica,109.31665918264065,1
1512,18,Mensal,Fibra Óptica,92.67608805721493,1
1513,22,Mensal,Fibra Óptica,105.13620716328683,1
1514,37,Anual,DSL,41.464966721854594,0
1515,56,Anual,Fibra Óptica,47.58551220935297,0
1516,59,Mensal,Fibra Óptica,108.74964160344423,1
1517,3,Mensal,Fibra Óptica,93.9026313845196,1
1518,28,Anual,Fibra Óptica,30.23457560753473,0
1519,35,Mensal,DSL,97.49868539606504,1
1520,61,Anual,Fibra Óptica,52.348633108080854,0
1521,54,Anual,Fibra Óptica,39.92145793000063,0
1522,63,Anual,Fibra Óptica,52.192273303293355,0
1523,7,Mensal,Fibra Óptica,93.82127594464805,1
1524,49,Mensal,Não,106.19010866383763,1
1525,31,Anual,Fibra Óptica,38.57915271595522,1
1526,58,Mensal,Não,107.049973322527,1
1527,61,Mensal,Fibra Óptica,103.46854748158493,1
1528,24,Dois anos,Fibra Óptica,50.5716675985168,0
1529,20,Dois anos,DSL,54.87166576732197,0
1530,37,Mensal,Fibra Óptica,105.56215843984354,1
1531,4,Mensal,DSL,93.6730996351219,1
1532,20,Mensal,Não,106.0755262248898,1
1533,60,Anual,Fibra Óptica,50.85619953598834,1
1534,24,Dois anos,Fibra Óptica,37.20168751064227,0
1535,50,Mensal,DSL,100.2741397098229,0
1536,49,Mensal,Fibra Óptica,104.07886717605578,1
1537,51,Dois anos,Fibra Óptica,51.271186856355676,0
1538,36,Mensal,Fibra Óptica,92.04418179554249,1
1539,66,Mensal,Fibra Óptica,98.20284481228242,1
1540,34,Dois anos,DSL,42.03486684720611,0
1541,36,Mensal,Fibra Óptica,100.34322431186173,1
1542,6,Anual,Fibra Óptica,40.35162207704802,0
1543,39,Mensal,DSL,98.97703186510482,0
1544,42,Mensal,Fibra Óptica,94.69836257699254,1
1545,58,Anual,Fibra Óptica,56.12352404274493,0
1546,12,Mensal,DSL,87.51021593536558,1
1547,3,Dois anos,Fibra Óptica,44.05311980252416,0
1548,18,Mensal,DSL,97.7646226618326,1
1549,40,Mensal,DSL,104.87216776393942,1
1550,21,Mensal,Fibra Óptica,92.44833977996619,1
1551,15,Mensal,Fibra Óptica,92.75723525413476,1
1552,26,Mensal,Fibra Óptica,95.945719030986,1
1553,8,Mensal,Fibra Óptica,89.6885174415732,1
1554,42,Mensal,DSL,99.99679851205627,0
1555,44,Mensal,DSL,107.16595352493681,0
1556,14,Anual,Fibra Óptica,32.15464009180855,0
1557,2,Anual,DSL,32.952750786592965,0
1558,37,Anual,Não,39.41008273411714,0
1559,69,Mensal,Não,103.79841493390053,0
1560,38,Mensal,Fibra Óptica,97.39287489968642,0
1561,41,Anual,Fibra Óptica,47.90038224985195,0
1562,62,Mensal,Fibra Óptica,103.03912175918765,1
1563,60,Mensal,Não,103.98492262817729,1
1564,14,Anual,Fibra Óptica,40.63104955520842,0
1565,2,Anual,DSL,37.46582963367747,0
1566,70,Mensal,Fibra Óptica,107.98707155186874,1
1567,17,Mensal,Fibra Óptica,93.25888933391705,1
1568,28,Anual,Fibra Óptica,49.67065130802341,0
1569,66,Mensal,Não,116.37860547817473,1
1570,35,Anual,Fibra Óptica,46.36996420148377,0
1571,5,Anual,DSL,37.97876514619372,0
1572,65,Anual,Fibra Óptica,51.961720874234636,0
1573,40,Mensal,Fibra Óptica,92.96534081516255,1
1574,56,Mensal,Fibra Óptica,102.57103358190786,1
1575,36,Anual,Fibra Óptica,39.38218629290538,0
1576,45,Anual,Fibra Óptica,47.38869391385007,0
1577,23,Anual,Fibra Óptica,36.80701278776269,0
1578,47,Mensal,Fibra Óptica,98.1466190177863,0
1579,31,Mensal,Fibra Óptica,87.31065171696551,1
1580,11,Dois anos,Não,33.27518762851702,0
1581,10,Anual,Não,39.61317834232865,0
1582,67,Dois anos,Fibra Óptica,45.9971856866632,0
1583,14,Anual,DSL,43.9576792465763,0
1584,10,Mensal,Não,87.70106080251422,1
1585,1,Anual,Fibra Óptica,38.30508183407728,0
1586,5,Dois anos,DSL,34.13203793339656,0
1587,20,Mensal,Não,96.3978551197484,1
1588,8,Anual,Fibra Óptica,29.764872682172722,0
1589,43,Mensal,Fibra Óptica,96.80459136643297,1
1590,1,Mensal,Não,86.4394398181421,1
1591,57,Anual,Fibra Óptica,51.65497220419332,0
1592,64,Mensal,Fibra Óptica,105.5818185668518,1
1593,28,Mensal,Fibra Óptica,89.90762597150336,1
1594,37,Mensal,Fibra Óptica,96.85460256147638,1
1595,47,Mensal,DSL,96.00891703096661,1
1596,37,Mensal,DSL,102.6217922139235,0
1597,49,Mensal,Não,106.62812698285046,1
1598,44,Dois anos,Fibra Óptica,38.533190345701286,0
1599,56,Mensal,Fibra Óptica,105.80402111648819,1
1600,28,Mensal,Fibra Óptica,91.95402589829223,1
1601,6,Mensal,Fibra Óptica,90.40592238098418,1
1602,61,Anual,Fibra Óptica,48.20008047295321,0
1603,20,Mensal,Não,103.55353706235815,0
1604,2,Anual,DSL,31.219560692493992,0
1605,37,Anual,Fibra Óptica,47.41255794086493,0
1606,20,Anual,DSL,33.98128728680033,0
1607,26,Mensal,Fibra Óptica,89.4675383203771,0
1608,29,Anual,Fibra Óptica,41.781126569744195,0
1609,1,Mensal,DSL,90.77915369952939,1
1610,35,Dois anos,Fibra Óptica,29.77982448590908,0
1611,70,Anual,Não,55.636790774525906,0
1612,59,Mensal,DSL,91.57493562242652,0
1613,69,Mensal,Fibra Óptica,103.54081906401427,0
1614,33,Mensal,DSL,103.7085835026073,1
1615,51,Anual,Fibra Óptica,57.084729161091815,0
1616,12,Mensal,Fibra Óptica,91.05525692613789,1
1617,20,Mensal,Fibra Óptica,87.30576082649534,1
1618,53,Mensal,Fibra Óptica,107.52324737342056,1
1619,43,Anual,DSL,48.764592078249734,1
1620,50,Anual,Fibra Óptica,43.393847879756045,0
1621,29,Anual,DSL,38.56012203660239,0
1622,57,Anual,DSL,43.65184850935126,0
1623,39,Mensal,Fibra Óptica,96.54757356590761,1
1624,56,Mensal,DSL,103.25084695658893,1
1625,43,Anual,Fibra Óptica,41.608736413964564,0
1626,50,Mensal,Fibra Óptica,98.27260486676957,1
1627,23,Mensal,Fibra Óptica,98.27690134163365,1
1628,44,Mensal,Fibra Óptica,91.8584355392864,1
1629,38,Mensal,Fibra Óptica,96.19082764501287,1
1630,23,Mensal,DSL,86.69080114908526,0
1631,45,Dois anos,Fibra Óptica,46.483478445019855,0
1632,52,Mensal,Fibra Óptica,91.17347920387141,0
1633,50,Mensal,Não,104.92055687871293,1
1634,8,Mensal,DSL,85.49731926562075,1
1635,1,Anual,DSL,27.17591650084115,0
1636,8,Mensal,Fibra Óptica,90.25243976507268,1
1637,29,Dois anos,DSL,51.2969525366406,0
1638,5,Dois anos,DSL,41.49737834536323,0
1639,47,Mensal,DSL,90.25893571731095,1
1640,34,Dois anos,DSL,37.02578974003265,0
1641,65,Dois anos,Fibra Óptica,47.96341421202681,0
1642,55,Anual,Fibra Óptica,58.030575136502726,0
1643,43,Anual,Fibra Óptica,39.744038587804084,0
1644,30,Mensal,Fibra Óptica,91.81608002606481,1
1645,17,Mensal,DSL,101.50765317898168,1
1646,26,Mensal,Fibra Óptica,96.64504227089266,1
1647,8,Mensal,Não,97.33550638107448,1
1648,47,Dois anos,Não,42.705918377375525,0
1649,72,Mensal,Fibra Óptica,104.36232700593551,0
1650,46,Anual,Fibra Óptica,51.61696863858965,0
1651,68,Anual,DSL,48.71460494396942,0
1652,33,Dois anos,Não,49.156682065887665,0
1653,1,Dois anos,Fibra Óptica,39.077752580428005,0
1654,19,Mensal,Fibra Óptica,89.07236085248618,1
1655,31,Mensal,Fibra Óptica,96.58892018285066,1
1656,14,Mensal,DSL,98.17742620595594,1
1657,53,Mensal,Fibra Óptica,104.4175872005152,1
1658,48,Mensal,DSL,99.86924175247663,0
1659,69,Mensal,Fibra Óptica,94.81193429972328,1
1660,62,Anual,Fibra Óptica,39.25885192059984,0
1661,66,Mensal,Fibra Óptica,95.7539782964452,1
1662,64,Mensal,Fibra Óptica,100.71829521074802,1
1663,70,Anual,Fibra Óptica,47.95321995918118,0
1664,63,Mensal,Fibra Óptica,95.69344923911065,0
1665,33,Mensal,Fibra Óptica,102.18307021306084,1
1666,41,Anual,Fibra Óptica,37.719963941545714,0
1667,48,Anual,Fibra Óptica,38.586014117313375,0
1668,13,Anual,Não,38.87998809707816,0
1669,31,Mensal,Fibra Óptica,101.54003184454692,1
1670,68,Anual,Fibra Óptica,59.71308242671425,0
1671,4,Anual,DSL,39.5515346001643,0
1672,19,Mensal,Não,102.16965483819887,1
1673,70,Anual,Fibra Óptica,43.77852606901561,0
1674,13,Dois anos,DSL,50.340112381560346,0
1675,23,Mensal,DSL,85.76308399180333,0
1676,1,Mensal,DSL,88.15130997514237,1
1677,54,Dois anos,Fibra Óptica,50.54467867614923,0
1678,71,Anual,DSL,42.012724249168706,0
1679,15,Mensal,Fibra Óptica,88.83525578495411,1
1680,65,Anual,DSL,43.40919668120025,0
1681,71,Mensal,DSL,103.1194012083321,1
1682,15,Mensal,Fibra Óptica,100.57842052794415,1
1683,21,Mensal,DSL,94.75463157601983,1
1684,19,Dois anos,Fibra Óptica,38.42609635708526,0
1685,60,Dois anos,DSL,34.51979424236434,0
1686,33,Mensal,Fibra Óptica,99.40428226877367,1
1687,49,Mensal,Fibra Óptica,104.22058328947166,1
1688,35,Mensal,Fibra Óptica,88.97040740552971,1
1689,44,Dois anos,Não,45.40655427964275,0
1690,11,Dois anos,Fibra Óptica,40.10645702991559,0
1691,72,Anual,Fibra Óptica,55.06181811416689,0
1692,66,Anual,Fibra Óptica,45.414967036421054,0
1693,46,Anual,DSL,40.662007522224435,0
1694,9,Mensal,Fibra Óptica,89.98801975223897,1
1695,3,Mensal,Fibra Óptica,97.49269150846769,1
1696,26,Mensal,Fibra Óptica,100.88973345544413,1
1697,72,Anual,Fibra Óptica,50.13208281678635,0
1698,48,Anual,Fibra Óptica,50.537691963589864,0
1699,66,Mensal,Fibra Óptica,91.82705021031998,1
1700,70,Dois anos,DSL,54.89968710872298,0
1701,28,Mensal,Fibra Óptica,90.47667543051153,1
1702,26,Mensal,Fibra Óptica,104.50562871656008,1
1703,25,Anual,Fibra Óptica,35.5175857679823,0
1704,12,Anual,Não,33.974998501480194,0
1705,5,Anual,Não,39.65092797830431,0
1706,48,Mensal,DSL,103.36527691848595,1
1707,37,Mensal,Fibra Óptica,95.63884585074486,1
1708,44,Anual,Fibra Óptica,46.49582949976357,0
1709,15,Mensal,Fibra Óptica,95.94740532122321,1
1710,43,Mensal,Fibra Óptica,101.03607952487094,1
1711,48,Anual,Fibra Óptica,43.41603473985644,0
1712,70,Mensal,DSL,106.99656136500923,0
1713,46,Anual,DSL,52.070661352730895,0
1714,43,Anual,DSL,38.31136693155429,0
1715,21,Mensal,Fibra Óptica,90.47020606687175,1
1716,23,Mensal,DSL,95.20678440638366,1
1717,47,Anual,Fibra Óptica,39.95768912430825,0
1718,15,Anual,Fibra Óptica,29.821790656512118,0
1719,25,Anual,DSL,46.304424207058204,0
1720,36,Anual,Fibra Óptica,31.894867997517174,0
1721,51,Anual,Fibra Óptica,44.02689584002675,0
1722,15,Dois anos,Fibra Óptica,43.7361376770487,0
1723,68,Mensal,DSL,105.40400519209113,1
1724,21,Mensal,DSL,92.73425941468602,0
1725,13,Mensal,Fibra Óptica,87.58330836190598,1
1726,19,Mensal,DSL,95.98984531032046,1
1727,34,Mensal,Fibra Óptica,92.32853405224641,1
1728,68,Mensal,Fibra Óptica,105.40016917617208,0
1729,52,Dois anos,DSL,48.04600431942913,0
1730,27,Mensal,DSL,96.62567078985646,1
1731,29,Mensal,Não,93.06891244868369,1
1732,28,Mensal,Fibra Óptica,106.24555179125471,1
1733,35,Mensal,DSL,99.26153941393265,1
1734,8,Mensal,DSL,90.67696162348254,1
1735,16,Mensal,Não,94.9918591098898,1
1736,36,Mensal,Fibra Óptica,93.79819802495923,1
1737,30,Anual,DSL,39.90728683525889,0
1738,18,Dois anos,DSL,52.50101573885294,0
1739,2,Dois anos,Fibra Óptica,33.50451204604381,0
1740,49,Anual,Fibra Óptica,45.24994582632634,0
1741,4,Mensal,Fibra Óptica,88.98998199583194,0
1742,7,Dois anos,DSL,33.14324636413145,0
1743,39,Dois anos,DSL,46.84684102935439,0
1744,13,Mensal,DSL,93.25286712785181,0
1745,31,Anual,DSL,46.593945872648064,0
1746,71,Mensal,Fibra Óptica,108.7233958462308,1
1747,63,Anual,Fibra Óptica,52.9423479228584,0
1748,56,Dois anos,Fibra Óptica,43.550399214000386,0
1749,42,Mensal,Fibra Óptica,102.07531024059627,1
1750,61,Dois anos,Fibra Óptica,52.46777360970582,0
1751,42,Anual,Fibra Óptica,39.133494336614135,0
1752,56,Dois anos,Fibra Óptica,46.54833486711916,0
1753,36,Mensal,Fibra Óptica,90.38994576218593,1
1754,68,Anual,Fibra Óptica,52.786922489549845,0
1755,7,Mensal,Fibra Óptica,95.19561859180065,1
1756,54,Mensal,Fibra Óptica,108.42232024017255,1
1757,1,Mensal,Não,89.52651370550905,1
1758,44,Dois anos,DSL,47.998764011074336,0
1759,45,Anual,DSL,49.77748483277496,0
1760,47,Dois anos,Fibra Óptica,42.57195843548189,0
1761,13,Dois anos,DSL,35.011590371666856,0
1762,22,Mensal,DSL,91.25608023919996,0
1763,21,Mensal,DSL,92.92402890355467,1
1764,9,Mensal,Fibra Óptica,87.91773446635001,1
1765,26,Mensal,DSL,92.27136769477465,1
1766,9,Mensal,DSL,96.675082089747,0
1767,15,Mensal,DSL,92.98877308710931,1
1768,10,Mensal,DSL,94.00399811287795,1
1769,42,Mensal,Fibra Óptica,96.1169223039879,1
1770,72,Mensal,Fibra Óptica,101.78867909866908,1
1771,24,Mensal,Fibra Óptica,96.69828569228275,0
1772,49,Dois anos,DSL,47.37172771827238,0
1773,26,Anual,Fibra Óptica,44.92874271918877,0
1774,37,Dois anos,Fibra Óptica,50.849381068275314,0
1775,68,Mensal,Fibra Óptica,100.61344522319875,1
1776,50,Mensal,Fibra Óptica,104.77642893339969,1
1777,24,Anual,Fibra Óptica,35.239778489182605,0
1778,19,Mensal,DSL,104.63939965859718,1
1779,60,Mensal,DSL,98.53898597888913,0
1780,39,Mensal,Fibra Óptica,101.72365909336457,1
1781,18,Mensal,Fibra Óptica,88.63430455085744,1
1782,19,Mensal,Fibra Óptica,93.51005181384679,1
1783,36,Mensal,DSL,105.39917195534836,1
1784,55,Anual,Fibra Óptica,42.75028856771806,0
1785,69,Mensal,Fibra Óptica,115.29143708401189,0
1786,47,Mensal,Fibra Óptica,99.84412825903556,1
1787,49,Anual,DSL,50.51737201756175,0
1788,33,Mensal,DSL,99.08522911209879,1
1789,21,Mensal,DSL,96.95570657256262,1
1790,22,Dois anos,DSL,34.21084749253983,0
1791,48,Mensal,Fibra Óptica,97.70624227969054,1
1792,37,Mensal,Fibra Óptica,103.8503885569993,0
1793,15,Mensal,Fibra Óptica,91.74890023573079,1
1794,35,Mensal,Fibra Óptica,98.16466665816984,0
1795,71,Mensal,Fibra Óptica,96.93339560273502,1
1796,32,Anual,Fibra Óptica,39.5509246226447,0
1797,11,Mensal,Fibra Óptica,98.2857027327381,1
1798,10,Mensal,Não,86.05735908494607,1
1799,57,Mensal,DSL,105.4559014295616,1
1800,25,Mensal,DSL,96.35939693750571,1
1801,2,Anual,DSL,35.05903189753253,0
1802,64,Mensal,Fibra Óptica,101.87088353297074,1
1803,35,Mensal,DSL,95.01535775419084,1
1804,7,Mensal,Fibra Óptica,89.86065138429596,1
1805,18,Mensal,DSL,98.71920736863656,1
1806,67,Mensal,Fibra Óptica,101.7102871733569,1
1807,42,Anual,Não,53.276760938609954,0
1808,39,Mensal,Fibra Óptica,99.76816875979684,1
1809,41,Mensal,Fibra Óptica,95.78919659943942,1
1810,24,Mensal,Não,100.13733600700884,1
1811,60,Anual,Fibra Óptica,50.9582890430313,0
1812,46,Mensal,DSL,91.39962404344249,1
1813,19,Anual,DSL,34.46645254256073,0
1814,68,Anual,DSL,48.86170782163636,0
1815,42,Dois anos,Não,37.42337640615436,0
1816,32,Mensal,Não,107.32315575443884,1
1817,39,Mensal,Fibra Óptica,102.38166715477747,1
1818,36,Anual,DSL,42.972145092466114,0
1819,36,Dois anos,DSL,42.42788331018904,0
1820,3,Dois anos,DSL,34.54309780646036,0
1821,8,Mensal,Fibra Óptica,82.25034545472622,1
1822,70,Mensal,DSL,95.80613798635262,1
1823,41,Mensal,Não,108.17610990091882,1
1824,68,Anual,Não,57.306807523811344,0
1825,13,Mensal,Fibra Óptica,90.19161746996056,1
1826,49,Mensal,Fibra Óptica,104.81050202549307,1
1827,60,Anual,Fibra Óptica,50.370913202633574,0
1828,2,Mensal,DSL,93.991946027825,1
1829,60,Dois anos,DSL,41.815527255751824,0
1830,5,Mensal,Fibra Óptica,82.42961663192997,1
1831,44,Mensal,Fibra Óptica,105.18347803993022,1
1832,27,Mensal,Fibra Óptica,85.97401472939663,1
1833,32,Anual,Fibra Óptica,41.49784162073584,0
1834,21,Mensal,Não,92.83199461349184,0
1835,8,Mensal,DSL,89.76975143619873,1
1836,72,Dois anos,Fibra Óptica,52.91367018970863,0
1837,50,Mensal,Fibra Óptica,97.08254409568852,1
1838,67,Mensal,Fibra Óptica,105.84918355690603,0
1839,44,Mensal,Não,99.97628331803675,1
1840,58,Mensal,Fibra Óptica,112.56416801483289,0
1841,3,Anual,Fibra Óptica,29.511762368557775,0
1842,70,Mensal,Fibra Óptica,104.61685116410492,0
1843,2,Mensal,DSL,93.0272317439696,1
1844,44,Mensal,DSL,97.9884934669193,1
1845,2,Anual,DSL,29.553433788209226,0
1846,35,Mensal,Fibra Óptica,103.75602014785674,1
1847,30,Mensal,Fibra Óptica,98.15517789530104,1
1848,8,Mensal,Fibra Óptica,85.7360226799478,1
1849,22,Mensal,DSL,97.06384605737207,1
1850,44,Mensal,Fibra Óptica,107.77833659484506,1
1851,58,Mensal,DSL,101.88892657750117,0
1852,36,Anual,DSL,43.02774598029561,0
1853,69,Mensal,DSL,112.11053139979737,1
1854,31,Dois anos,Fibra Óptica,38.28949616949909,0
1855,47,Dois anos,Fibra Óptica,54.979176291358755,0
1856,55,Mensal,Fibra Óptica,106.33506159642197,0
1857,62,Mensal,DSL,98.2494114246807,0
1858,30,Mensal,DSL,93.1291612453602,1
1859,55,Anual,Fibra Óptica,44.21474515923697,0
1860,16,Mensal,Fibra Óptica,84.50268517464534,1
1861,12,Mensal,DSL,94.17286498993519,1
1862,17,Mensal,DSL,89.47577122834151,1
1863,16,Anual,Fibra Óptica,40.52156593480495,0
1864,12,Anual,DSL,31.784093076022334,0
1865,8,Mensal,Fibra Óptica,96.68557242905327,1
1866,3,Anual,Fibra Óptica,40.126938978300934,0
1867,16,Mensal,Não,90.1411111742797,1
1868,30,Mensal,DSL,98.26875203399135,1
1869,23,Dois anos,DSL,41.95601887480325,0
1870,5,Mensal,Fibra Óptica,98.88200367534533,1
1871,65,Mensal,DSL,98.30811140510642,1
1872,30,Mensal,Fibra Óptica,95.70901635211004,1
1873,21,Dois anos,Fibra Óptica,37.93799789471649,0
1874,70,Anual,Fibra Óptica,50.06290031314926,0
1875,22,Anual,Fibra Óptica,42.905177341566386,0
1876,72,Anual,DSL,46.97977243727988,0
1877,32,Mensal,DSL,95.04997513763472,1
1878,33,Mensal,Fibra Óptica,101.90071023486759,1
1879,16,Mensal,Fibra Óptica,100.457129554213,1
1880,38,Mensal,Fibra Óptica,100.53808642059516,1
1881,14,Mensal,Fibra Óptica,92.58069075086497,1
1882,36,Dois anos,DSL,42.97593147306961,0
1883,23,Mensal,DSL,97.81113788821722,1
1884,66,Mensal,Fibra Óptica,104.80934125160513,1
1885,2,Mensal,Fibra Óptica,82.62562705512427,1
1886,65,Mensal,DSL,106.33243240612029,0
1887,67,Dois anos,DSL,46.03856713114254,0
1888,52,Mensal,Fibra Óptica,93.78582420220252,1
1889,62,Mensal,Fibra Óptica,94.52878180403715,0
1890,23,Anual,DSL,39.35828747173183,0
1891,26,Mensal,Fibra Óptica,90.58788443366777,1
1892,68,Mensal,Fibra Óptica,92.43869844588478,1
1893,55,Mensal,DSL,99.67822871039672,1
1894,6,Mensal,DSL,89.21765207015144,1
1895,35,Dois anos,DSL,43.19191050496345,0
1896,22,Anual,DSL,37.094319557436535,0
1897,43,Mensal,DSL,108.21715456221716,1
1898,15,Anual,Fibra Óptica,41.425495801066624,0
1899,60,Mensal,Fibra Óptica,99.97243962647339,1
1900,12,Mensal,Fibra Óptica,92.55237205734397,1
1901,49,Mensal,Fibra Óptica,107.34371958205752,1
1902,42,Mensal,DSL,103.65362030325824,0
1903,38,Mensal,DSL,91.0894471727056,1
1904,45,Anual,Não,39.96735652351527,0
1905,35,Dois anos,DSL,40.03218170813865,0
1906,30,Mensal,Fibra Óptica,94.27200648990173,1
1907,30,Mensal,Fibra Óptica,93.49339023020056,1
1908,6,Mensal,DSL,91.84055251888617,1
1909,67,Mensal,DSL,107.54911279967521,0
1910,7,Mensal,DSL,96.3838076914932,1
1911,52,Mensal,DSL,99.23651953008432,1
1912,14,Anual,DSL,30.465341733876436,0
1913,15,Mensal,DSL,88.26845653522207,1
1914,21,Mensal,Fibra Óptica,92.07163229643062,0
1915,35,Mensal,DSL,91.24533394832399,1
1916,66,Mensal,DSL,109.37480117808884,0
1917,2,Mensal,Fibra Óptica,84.97280095167714,1
1918,35,Anual,DSL,45.92412455132443,0
1919,20,Mensal,Fibra Óptica,86.06110446946809,1
1920,10,Anual,Não,41.124814834128685,0
1921,25,Mensal,Fibra Óptica,94.77416271124285,1
1922,66,Mensal,DSL,111.23315975609353,0
1923,25,Mensal,Fibra Óptica,89.81269321184912,1
1924,54,Anual,DSL,43.81823532459045,0
1925,33,Mensal,Fibra Óptica,95.21834323752857,1
1926,36,Anual,Fibra Óptica,42.276308976896864,0
1927,14,Mensal,Fibra Óptica,91.54060209006832,1
1928,65,Anual,Não,47.20541649810349,0
1929,54,Mensal,Fibra Óptica,99.55519352765246,1
1930,52,Anual,Fibra Óptica,35.88290991474609,0
1931,3,Mensal,DSL,96.03717875261961,1
1932,41,Dois anos,Fibra Óptica,59.447098916423776,0
1933,6,Mensal,Não,93.16186176758572,1
1934,25,Mensal,Fibra Óptica,89.79175200528931,1
1935,13,Mensal,DSL,87.89781309033934,1
1936,8,Anual,Fibra Óptica,40.50467933710626,0
1937,21,Mensal,Fibra Óptica,96.59785362382199,0
1938,68,Anual,DSL,48.01735877488173,0
1939,25,Mensal,DSL,99.2375280989767,1
1940,68,Mensal,DSL,93.75108101080832,1
1941,45,Mensal,Fibra Óptica,103.24081688073639,1
1942,60,Dois anos,Fibra Óptica,50.13022190122982,0
1943,12,Anual,Fibra Óptica,33.25906937373226,0
1944,32,Dois anos,Não,36.174796436351926,0
1945,13,Mensal,Fibra Óptica,93.67714265830891,1
1946,31,Anual,Fibra Óptica,49.07500001148724,0
1947,20,Anual,Fibra Óptica,38.698343167663246,0
1948,18,Mensal,DSL,89.80708116341657,1
1949,60,Anual,Fibra Óptica,48.79525062832968,0
1950,63,Dois anos,Não,58.64577512887272,0
1951,6,Dois anos,Fibra Óptica,40.29791514357393,0
1952,32,Anual,DSL,44.93581926869546,0
1953,43,Mensal,Fibra Óptica,105.18449942443355,1
1954,2,Mensal,DSL,93.2332932414999,1
1955,60,Dois anos,Não,45.03656754245458,0
1956,23,Mensal,Fibra Óptica,86.34768148509059,1
1957,31,Anual,Não,37.43054372875711,0
1958,5,Anual,Fibra Óptica,31.315177802160047,0
1959,34,Anual,Não,45.93534992520505,0
1960,10,Dois anos,DSL,42.93315633500089,0
1961,2,Mensal,Fibra Óptica,91.74836655315822,1
1962,11,Mensal,Fibra Óptica,86.32704636036492,1
1963,50,Mensal,Fibra Óptica,109.40349136421426,1
1964,31,Mensal,Fibra Óptica,94.58945517538284,0
1965,56,Mensal,Fibra Óptica,104.68791129608846,1
1966,9,Mensal,Fibra Óptica,92.51713042807857,1
1967,21,Anual,Fibra Óptica,41.082126743897994,0
1968,28,Dois anos,DSL,45.38233609495734,0
1969,62,Mensal,Fibra Óptica,99.39040543657602,0
1970,7,Mensal,Fibra Óptica,98.39751837590661,1
1971,16,Dois anos,DSL,32.24388899281899,0
1972,4,Mensal,Fibra Óptica,86.07772471440136,1
1973,4,Mensal,Fibra Óptica,97.73265311626619,1
1974,40,Mensal,Fibra Óptica,101.42053005010314,0
1975,17,Mensal,Não,106.57246173298795,1
1976,52,Mensal,DSL,101.21225846284644,1
1977,52,Dois anos,Fibra Óptica,55.843562560550815,0
1978,36,Mensal,DSL,88.38311233126376,1
1979,38,Mensal,Fibra Óptica,91.0029313785948,1
1980,50,Mensal,DSL,104.94813393166565,1
1981,63,Mensal,DSL,94.36866711650835,0
1982,63,Anual,DSL,47.45197129260097,0
1983,62,Anual,Fibra Óptica,54.07485474588421,0
1984,7,Anual,Fibra Óptica,39.74466565009176,0
1985,27,Mensal,Fibra Óptica,95.92598234617869,1
1986,14,Dois anos,DSL,37.49587873410877,0
1987,71,Anual,DSL,51.049938700608244,0
1988,5,Anual,DSL,39.72505118952607,0
1989,55,Mensal,Não,98.16603455964986,1
1990,2,Mensal,Fibra Óptica,92.72918638464101,1
1991,62,Mensal,DSL,108.26265996557433,0
1992,21,Anual,DSL,38.92641866114913,0
1993,21,Mensal,Não,95.01112049528403,1
1994,10,Mensal,Não,94.88940041459466,1
1995,58,Dois anos,DSL,51.29808715870407,0
1996,39,Dois anos,Fibra Óptica,49.133683943247554,0
1997,5,Dois anos,DSL,32.8695412983456,0
1998,65,Mensal,Fibra Óptica,100.82589373265422,0
1999,13,Anual,DSL,35.97941586740015,0
2000,53,Mensal,Não,96.55094541876738,0
